0 10
0.01 0.017 3
0.017 0.026 3
0.026 0.039 2
0.039 0.058 9
0.058 0.087 0
0.087 0.131 0
0.131 0.197 0
0.197 0.296 0
0.296 0.444 0
0.444 0.666 0
0.666 1.000 0
1.000 1.500 0
1.500 2.250 0
2.250 3.375 1
3.375 5.062 0
5.062 7.593 0
7.593 11.390 0
11.390 17.085 0
17.085 25.628 0
25.628 38.443 0
38.443 57.665 0
57.665 86.497 0
86.497 129.746 0
129.746 194.619 0
194.619 291.929 0
10 20
0.01 0.017 6
0.017 0.026 6
0.026 0.039 2
0.039 0.058 4
0.058 0.087 0
0.087 0.131 0
0.131 0.197 2
0.197 0.296 0
0.296 0.444 0
0.444 0.666 0
0.666 1.000 1
1.000 1.500 1
1.500 2.250 0
2.250 3.375 1
3.375 5.062 0
5.062 7.593 0
7.593 11.390 1
11.390 17.085 0
17.085 25.628 0
25.628 38.443 0
38.443 57.665 0
57.665 86.497 0
86.497 129.746 0
129.746 194.619 0
194.619 291.929 0
20 30
0.01 0.017 1
0.017 0.026 1
0.026 0.039 6
0.039 0.058 0
0.058 0.087 0
0.087 0.131 0
0.131 0.197 1
0.197 0.296 1
0.296 0.444 0
0.444 0.666 0
0.666 1.000 0
1.000 1.500 0
1.500 2.250 0
2.250 3.375 0
3.375 5.062 0
5.062 7.593 0
7.593 11.390 0
11.390 17.085 0
17.085 25.628 0
25.628 38.443 0
38.443 57.665 0
57.665 86.497 0
86.497 129.746 0
129.746 194.619 0
194.619 291.929 0
30 40
0.01 0.017 10
0.017 0.026 10
0.026 0.039 6
0.039 0.058 1
0.058 0.087 1
0.087 0.131 2
0.131 0.197 1
0.197 0.296 0
0.296 0.444 0
0.444 0.666 2
0.666 1.000 2
1.000 1.500 0
1.500 2.250 0
2.250 3.375 0
3.375 5.062 1
5.062 7.593 1
7.593 11.390 0
11.390 17.085 1
17.085 25.628 0
25.628 38.443 0
38.443 57.665 0
57.665 86.497 0
86.497 129.746 0
129.746 194.619 0
194.619 291.929 0
40 50
0.01 0.017 13
0.017 0.026 13
0.026 0.039 3
0.039 0.058 0
0.058 0.087 1
0.087 0.131 0
0.131 0.197 1
0.197 0.296 0
0.296 0.444 2
0.444 0.666 1
0.666 1.000 0
1.000 1.500 3
1.500 2.250 0
2.250 3.375 0
3.375 5.062 0
5.062 7.593 0
7.593 11.390 0
11.390 17.085 0
17.085 25.628 0
25.628 38.443 0
38.443 57.665 0
57.665 86.497 0
86.497 129.746 0
129.746 194.619 0
194.619 291.929 0
50 60
0.01 0.017 4
0.017 0.026 4
0.026 0.039 0
0.039 0.058 0
0.058 0.087 0
0.087 0.131 0
0.131 0.197 2
0.197 0.296 0
0.296 0.444 0
0.444 0.666 1
0.666 1.000 0
1.000 1.500 0
1.500 2.250 0
2.250 3.375 1
3.375 5.062 0
5.062 7.593 0
7.593 11.390 0
11.390 17.085 0
17.085 25.628 0
25.628 38.443 0
38.443 57.665 0
57.665 86.497 0
86.497 129.746 0
129.746 194.619 0
194.619 291.929 0
60 70
0.01 0.017 7
0.017 0.026 7
0.026 0.039 1
0.039 0.058 0
0.058 0.087 0
0.087 0.131 1
0.131 0.197 0
0.197 0.296 0
0.296 0.444 1
0.444 0.666 0
0.666 1.000 0
1.000 1.500 0
1.500 2.250 0
2.250 3.375 0
3.375 5.062 0
5.062 7.593 0
7.593 11.390 0
11.390 17.085 0
17.085 25.628 0
25.628 38.443 0
38.443 57.665 0
57.665 86.497 0
86.497 129.746 0
129.746 194.619 0
194.619 291.929 0
70 80
0.01 0.017 9
0.017 0.026 9
0.026 0.039 1
0.039 0.058 1
0.058 0.087 0
0.087 0.131 0
0.131 0.197 0
0.197 0.296 1
0.296 0.444 0
0.444 0.666 0
0.666 1.000 0
1.000 1.500 0
1.500 2.250 0
2.250 3.375 1
3.375 5.062 0
5.062 7.593 0
7.593 11.390 0
11.390 17.085 0
17.085 25.628 0
25.628 38.443 0
38.443 57.665 0
57.665 86.497 0
86.497 129.746 0
129.746 194.619 0
194.619 291.929 0
80 90
0.01 0.017 8
0.017 0.026 8
0.026 0.039 0
0.039 0.058 0
0.058 0.087 1
0.087 0.131 1
0.131 0.197 3
0.197 0.296 1
0.296 0.444 1
0.444 0.666 0
0.666 1.000 0
1.000 1.500 0
1.500 2.250 0
2.250 3.375 0
3.375 5.062 0
5.062 7.593 0
7.593 11.390 0
11.390 17.085 0
17.085 25.628 0
25.628 38.443 0
38.443 57.665 0
57.665 86.497 0
86.497 129.746 0
129.746 194.619 0
194.619 291.929 0
90 100
0.01 0.017 6
0.017 0.026 6
0.026 0.039 2
0.039 0.058 0
0.058 0.087 0
0.087 0.131 0
0.131 0.197 2
0.197 0.296 0
0.296 0.444 0
0.444 0.666 2
0.666 1.000 1
1.000 1.500 0
1.500 2.250 0
2.250 3.375 0
3.375 5.062 0
5.062 7.593 0
7.593 11.390 0
11.390 17.085 0
17.085 25.628 0
25.628 38.443 0
38.443 57.665 0
57.665 86.497 0
86.497 129.746 0
129.746 194.619 0
194.619 291.929 0
100 110
0.01 0.017 5
0.017 0.026 5
0.026 0.039 0
0.039 0.058 0
0.058 0.087 0
0.087 0.131 0
0.131 0.197 0
0.197 0.296 0
0.296 0.444 0
0.444 0.666 0
0.666 1.000 0
1.000 1.500 0
1.500 2.250 0
2.250 3.375 0
3.375 5.062 0
5.062 7.593 0
7.593 11.390 0
11.390 17.085 0
17.085 25.628 0
25.628 38.443 0
38.443 57.665 0
57.665 86.497 0
86.497 129.746 0
129.746 194.619 0
194.619 291.929 0
110 120
0.01 0.017 11
0.017 0.026 11
0.026 0.039 3
0.039 0.058 1
0.058 0.087 3
0.087 0.131 0
0.131 0.197 1
0.197 0.296 0
0.296 0.444 1
0.444 0.666 0
0.666 1.000 0
1.000 1.500 0
1.500 2.250 0
2.250 3.375 0
3.375 5.062 0
5.062 7.593 0
7.593 11.390 0
11.390 17.085 0
17.085 25.628 0
25.628 38.443 0
38.443 57.665 0
57.665 86.497 0
86.497 129.746 0
129.746 194.619 0
194.619 291.929 0
120 130
0.01 0.017 10
0.017 0.026 10
0.026 0.039 1
0.039 0.058 0
0.058 0.087 2
0.087 0.131 0
0.131 0.197 2
0.197 0.296 1
0.296 0.444 0
0.444 0.666 1
0.666 1.000 0
1.000 1.500 0
1.500 2.250 0
2.250 3.375 1
3.375 5.062 0
5.062 7.593 0
7.593 11.390 0
11.390 17.085 0
17.085 25.628 0
25.628 38.443 0
38.443 57.665 0
57.665 86.497 0
86.497 129.746 0
129.746 194.619 0
194.619 291.929 0
130 140
0.01 0.017 12
0.017 0.026 12
0.026 0.039 1
0.039 0.058 0
0.058 0.087 0
0.087 0.131 0
0.131 0.197 0
0.197 0.296 1
0.296 0.444 0
0.444 0.666 0
0.666 1.000 0
1.000 1.500 0
1.500 2.250 0
2.250 3.375 0
3.375 5.062 0
5.062 7.593 0
7.593 11.390 0
11.390 17.085 0
17.085 25.628 0
25.628 38.443 0
38.443 57.665 0
57.665 86.497 0
86.497 129.746 0
129.746 194.619 0
194.619 291.929 0
140 150
0.01 0.017 17
0.017 0.026 17
0.026 0.039 0
0.039 0.058 0
0.058 0.087 0
0.087 0.131 0
0.131 0.197 0
0.197 0.296 0
0.296 0.444 0
0.444 0.666 0
0.666 1.000 0
1.000 1.500 0
1.500 2.250 0
2.250 3.375 0
3.375 5.062 0
5.062 7.593 0
7.593 11.390 0
11.390 17.085 0
17.085 25.628 0
25.628 38.443 0
38.443 57.665 0
57.665 86.497 0
86.497 129.746 0
129.746 194.619 0
194.619 291.929 0
150 160
0.01 0.017 9
0.017 0.026 9
0.026 0.039 0
0.039 0.058 0
0.058 0.087 0
0.087 0.131 0
0.131 0.197 0
0.197 0.296 0
0.296 0.444 0
0.444 0.666 0
0.666 1.000 0
1.000 1.500 0
1.500 2.250 0
2.250 3.375 0
3.375 5.062 0
5.062 7.593 0
7.593 11.390 0
11.390 17.085 0
17.085 25.628 0
25.628 38.443 0
38.443 57.665 0
57.665 86.497 0
86.497 129.746 0
129.746 194.619 0
194.619 291.929 0
160 170
0.01 0.017 4
0.017 0.026 4
0.026 0.039 9
0.039 0.058 0
0.058 0.087 0
0.087 0.131 0
0.131 0.197 0
0.197 0.296 0
0.296 0.444 0
0.444 0.666 0
0.666 1.000 0
1.000 1.500 0
1.500 2.250 0
2.250 3.375 0
3.375 5.062 0
5.062 7.593 0
7.593 11.390 0
11.390 17.085 0
17.085 25.628 0
25.628 38.443 0
38.443 57.665 0
57.665 86.497 0
86.497 129.746 0
129.746 194.619 0
194.619 291.929 0
170 180
0.01 0.017 1
0.017 0.026 1
0.026 0.039 7
0.039 0.058 1
0.058 0.087 0
0.087 0.131 0
0.131 0.197 0
0.197 0.296 0
0.296 0.444 0
0.444 0.666 0
0.666 1.000 0
1.000 1.500 0
1.500 2.250 0
2.250 3.375 0
3.375 5.062 0
5.062 7.593 0
7.593 11.390 0
11.390 17.085 0
17.085 25.628 0
25.628 38.443 0
38.443 57.665 0
57.665 86.497 0
86.497 129.746 0
129.746 194.619 0
194.619 291.929 0
180 190
0.01 0.017 4
0.017 0.026 4
0.026 0.039 0
0.039 0.058 8
0.058 0.087 0
0.087 0.131 0
0.131 0.197 0
0.197 0.296 0
0.296 0.444 0
0.444 0.666 0
0.666 1.000 0
1.000 1.500 0
1.500 2.250 0
2.250 3.375 0
3.375 5.062 0
5.062 7.593 0
7.593 11.390 0
11.390 17.085 0
17.085 25.628 0
25.628 38.443 0
38.443 57.665 0
57.665 86.497 0
86.497 129.746 0
129.746 194.619 0
194.619 291.929 0
190 200
0.01 0.017 2
0.017 0.026 2
0.026 0.039 1
0.039 0.058 4
0.058 0.087 3
0.087 0.131 0
0.131 0.197 1
0.197 0.296 0
0.296 0.444 0
0.444 0.666 0
0.666 1.000 0
1.000 1.500 0
1.500 2.250 0
2.250 3.375 0
3.375 5.062 0
5.062 7.593 0
7.593 11.390 0
11.390 17.085 0
17.085 25.628 0
25.628 38.443 0
38.443 57.665 0
57.665 86.497 0
86.497 129.746 0
129.746 194.619 0
194.619 291.929 0
200 210
0.01 0.017 2
0.017 0.026 2
0.026 0.039 0
0.039 0.058 1
0.058 0.087 14
0.087 0.131 0
0.131 0.197 0
0.197 0.296 0
0.296 0.444 0
0.444 0.666 0
0.666 1.000 0
1.000 1.500 0
1.500 2.250 0
2.250 3.375 0
3.375 5.062 0
5.062 7.593 0
7.593 11.390 0
11.390 17.085 0
17.085 25.628 0
25.628 38.443 0
38.443 57.665 0
57.665 86.497 0
86.497 129.746 0
129.746 194.619 0
194.619 291.929 0
210 220
0.01 0.017 3
0.017 0.026 3
0.026 0.039 1
0.039 0.058 1
0.058 0.087 8
0.087 0.131 0
0.131 0.197 1
0.197 0.296 1
0.296 0.444 0
0.444 0.666 0
0.666 1.000 0
1.000 1.500 0
1.500 2.250 0
2.250 3.375 0
3.375 5.062 0
5.062 7.593 0
7.593 11.390 0
11.390 17.085 0
17.085 25.628 0
25.628 38.443 0
38.443 57.665 0
57.665 86.497 0
86.497 129.746 0
129.746 194.619 0
194.619 291.929 0
220 230
0.01 0.017 0
0.017 0.026 0
0.026 0.039 0
0.039 0.058 1
0.058 0.087 4
0.087 0.131 1
0.131 0.197 0
0.197 0.296 0
0.296 0.444 0
0.444 0.666 0
0.666 1.000 1
1.000 1.500 0
1.500 2.250 0
2.250 3.375 0
3.375 5.062 0
5.062 7.593 0
7.593 11.390 0
11.390 17.085 0
17.085 25.628 0
25.628 38.443 0
38.443 57.665 0
57.665 86.497 0
86.497 129.746 0
129.746 194.619 0
194.619 291.929 0
230 240
0.01 0.017 2
0.017 0.026 2
0.026 0.039 2
0.039 0.058 1
0.058 0.087 1
0.087 0.131 0
0.131 0.197 1
0.197 0.296 0
0.296 0.444 0
0.444 0.666 0
0.666 1.000 0
1.000 1.500 0
1.500 2.250 0
2.250 3.375 0
3.375 5.062 0
5.062 7.593 0
7.593 11.390 0
11.390 17.085 0
17.085 25.628 0
25.628 38.443 0
38.443 57.665 0
57.665 86.497 0
86.497 129.746 0
129.746 194.619 0
194.619 291.929 0
240 250
0.01 0.017 3
0.017 0.026 3
0.026 0.039 4
0.039 0.058 5
0.058 0.087 2
0.087 0.131 0
0.131 0.197 0
0.197 0.296 0
0.296 0.444 0
0.444 0.666 0
0.666 1.000 0
1.000 1.500 0
1.500 2.250 0
2.250 3.375 0
3.375 5.062 0
5.062 7.593 0
7.593 11.390 0
11.390 17.085 0
17.085 25.628 0
25.628 38.443 0
38.443 57.665 0
57.665 86.497 0
86.497 129.746 0
129.746 194.619 0
194.619 291.929 0
250 260
0.01 0.017 3
0.017 0.026 3
0.026 0.039 3
0.039 0.058 3
0.058 0.087 0
0.087 0.131 0
0.131 0.197 0
0.197 0.296 0
0.296 0.444 0
0.444 0.666 0
0.666 1.000 0
1.000 1.500 0
1.500 2.250 0
2.250 3.375 0
3.375 5.062 0
5.062 7.593 0
7.593 11.390 0
11.390 17.085 0
17.085 25.628 0
25.628 38.443 0
38.443 57.665 0
57.665 86.497 0
86.497 129.746 0
129.746 194.619 0
194.619 291.929 0
260 270
0.01 0.017 3
0.017 0.026 3
0.026 0.039 7
0.039 0.058 0
0.058 0.087 0
0.087 0.131 0
0.131 0.197 1
0.197 0.296 0
0.296 0.444 1
0.444 0.666 1
0.666 1.000 1
1.000 1.500 0
1.500 2.250 1
2.250 3.375 0
3.375 5.062 0
5.062 7.593 1
7.593 11.390 0
11.390 17.085 0
17.085 25.628 0
25.628 38.443 0
38.443 57.665 0
57.665 86.497 0
86.497 129.746 0
129.746 194.619 0
194.619 291.929 0
270 280
0.01 0.017 1
0.017 0.026 1
0.026 0.039 4
0.039 0.058 0
0.058 0.087 0
0.087 0.131 0
0.131 0.197 0
0.197 0.296 0
0.296 0.444 0
0.444 0.666 0
0.666 1.000 0
1.000 1.500 0
1.500 2.250 0
2.250 3.375 0
3.375 5.062 0
5.062 7.593 0
7.593 11.390 0
11.390 17.085 0
17.085 25.628 0
25.628 38.443 0
38.443 57.665 0
57.665 86.497 0
86.497 129.746 0
129.746 194.619 0
194.619 291.929 0
280 290
0.01 0.017 7
0.017 0.026 7
0.026 0.039 0
0.039 0.058 0
0.058 0.087 0
0.087 0.131 0
0.131 0.197 0
0.197 0.296 0
0.296 0.444 0
0.444 0.666 0
0.666 1.000 0
1.000 1.500 0
1.500 2.250 0
2.250 3.375 0
3.375 5.062 0
5.062 7.593 0
7.593 11.390 0
11.390 17.085 0
17.085 25.628 0
25.628 38.443 0
38.443 57.665 0
57.665 86.497 0
86.497 129.746 0
129.746 194.619 0
194.619 291.929 0
290 300
0.01 0.017 3
0.017 0.026 3
0.026 0.039 1
0.039 0.058 0
0.058 0.087 0
0.087 0.131 0
0.131 0.197 0
0.197 0.296 0
0.296 0.444 0
0.444 0.666 0
0.666 1.000 0
1.000 1.500 0
1.500 2.250 0
2.250 3.375 0
3.375 5.062 0
5.062 7.593 0
7.593 11.390 0
11.390 17.085 0
17.085 25.628 0
25.628 38.443 0
38.443 57.665 0
57.665 86.497 0
86.497 129.746 0
129.746 194.619 0
194.619 291.929 0
300 310
0.01 0.017 2
0.017 0.026 2
0.026 0.039 1
0.039 0.058 0
0.058 0.087 0
0.087 0.131 0
0.131 0.197 0
0.197 0.296 0
0.296 0.444 0
0.444 0.666 0
0.666 1.000 0
1.000 1.500 1
1.500 2.250 0
2.250 3.375 0
3.375 5.062 0
5.062 7.593 0
7.593 11.390 0
11.390 17.085 0
17.085 25.628 0
25.628 38.443 0
38.443 57.665 0
57.665 86.497 0
86.497 129.746 0
129.746 194.619 0
194.619 291.929 0
310 320
0.01 0.017 10
0.017 0.026 10
0.026 0.039 2
0.039 0.058 0
0.058 0.087 0
0.087 0.131 0
0.131 0.197 0
0.197 0.296 0
0.296 0.444 0
0.444 0.666 0
0.666 1.000 0
1.000 1.500 0
1.500 2.250 0
2.250 3.375 1
3.375 5.062 0
5.062 7.593 0
7.593 11.390 0
11.390 17.085 0
17.085 25.628 0
25.628 38.443 0
38.443 57.665 0
57.665 86.497 0
86.497 129.746 0
129.746 194.619 0
194.619 291.929 0
320 330
0.01 0.017 7
0.017 0.026 7
0.026 0.039 1
0.039 0.058 0
0.058 0.087 0
0.087 0.131 0
0.131 0.197 1
0.197 0.296 0
0.296 0.444 0
0.444 0.666 0
0.666 1.000 0
1.000 1.500 0
1.500 2.250 0
2.250 3.375 0
3.375 5.062 0
5.062 7.593 0
7.593 11.390 0
11.390 17.085 0
17.085 25.628 0
25.628 38.443 0
38.443 57.665 0
57.665 86.497 0
86.497 129.746 0
129.746 194.619 0
194.619 291.929 0
330 340
0.01 0.017 4
0.017 0.026 4
0.026 0.039 1
0.039 0.058 0
0.058 0.087 0
0.087 0.131 0
0.131 0.197 0
0.197 0.296 0
0.296 0.444 0
0.444 0.666 0
0.666 1.000 0
1.000 1.500 0
1.500 2.250 0
2.250 3.375 0
3.375 5.062 0
5.062 7.593 0
7.593 11.390 0
11.390 17.085 0
17.085 25.628 0
25.628 38.443 0
38.443 57.665 0
57.665 86.497 0
86.497 129.746 0
129.746 194.619 0
194.619 291.929 0
340 350
0.01 0.017 2
0.017 0.026 2
0.026 0.039 1
0.039 0.058 0
0.058 0.087 0
0.087 0.131 1
0.131 0.197 1
0.197 0.296 0
0.296 0.444 1
0.444 0.666 1
0.666 1.000 0
1.000 1.500 0
1.500 2.250 0
2.250 3.375 1
3.375 5.062 0
5.062 7.593 0
7.593 11.390 0
11.390 17.085 0
17.085 25.628 0
25.628 38.443 0
38.443 57.665 0
57.665 86.497 0
86.497 129.746 0
129.746 194.619 0
194.619 291.929 0
350 360
0.01 0.017 3
0.017 0.026 3
0.026 0.039 0
0.039 0.058 0
0.058 0.087 0
0.087 0.131 0
0.131 0.197 0
0.197 0.296 0
0.296 0.444 0
0.444 0.666 0
0.666 1.000 0
1.000 1.500 0
1.500 2.250 0
2.250 3.375 0
3.375 5.062 0
5.062 7.593 0
7.593 11.390 0
11.390 17.085 0
17.085 25.628 0
25.628 38.443 0
38.443 57.665 0
57.665 86.497 0
86.497 129.746 0
129.746 194.619 0
194.619 291.929 0
360 370
0.01 0.017 3
0.017 0.026 3
0.026 0.039 1
0.039 0.058 0
0.058 0.087 0
0.087 0.131 0
0.131 0.197 0
0.197 0.296 0
0.296 0.444 0
0.444 0.666 0
0.666 1.000 0
1.000 1.500 0
1.500 2.250 0
2.250 3.375 0
3.375 5.062 0
5.062 7.593 0
7.593 11.390 0
11.390 17.085 0
17.085 25.628 0
25.628 38.443 0
38.443 57.665 0
57.665 86.497 0
86.497 129.746 0
129.746 194.619 0
194.619 291.929 0
370 380
0.01 0.017 7
0.017 0.026 7
0.026 0.039 1
0.039 0.058 2
0.058 0.087 0
0.087 0.131 2
0.131 0.197 0
0.197 0.296 0
0.296 0.444 0
0.444 0.666 0
0.666 1.000 0
1.000 1.500 0
1.500 2.250 0
2.250 3.375 0
3.375 5.062 0
5.062 7.593 0
7.593 11.390 0
11.390 17.085 0
17.085 25.628 0
25.628 38.443 0
38.443 57.665 0
57.665 86.497 0
86.497 129.746 0
129.746 194.619 0
194.619 291.929 0
380 390
0.01 0.017 3
0.017 0.026 3
0.026 0.039 0
0.039 0.058 0
0.058 0.087 0
0.087 0.131 1
0.131 0.197 0
0.197 0.296 2
0.296 0.444 1
0.444 0.666 1
0.666 1.000 0
1.000 1.500 1
1.500 2.250 0
2.250 3.375 1
3.375 5.062 0
5.062 7.593 1
7.593 11.390 0
11.390 17.085 1
17.085 25.628 0
25.628 38.443 0
38.443 57.665 0
57.665 86.497 0
86.497 129.746 0
129.746 194.619 0
194.619 291.929 0
390 400
0.01 0.017 4
0.017 0.026 4
0.026 0.039 5
0.039 0.058 0
0.058 0.087 3
0.087 0.131 0
0.131 0.197 0
0.197 0.296 0
0.296 0.444 0
0.444 0.666 0
0.666 1.000 0
1.000 1.500 0
1.500 2.250 0
2.250 3.375 0
3.375 5.062 0
5.062 7.593 0
7.593 11.390 0
11.390 17.085 0
17.085 25.628 0
25.628 38.443 0
38.443 57.665 0
57.665 86.497 0
86.497 129.746 0
129.746 194.619 0
194.619 291.929 0
400 410
0.01 0.017 4
0.017 0.026 4
0.026 0.039 0
0.039 0.058 0
0.058 0.087 0
0.087 0.131 0
0.131 0.197 0
0.197 0.296 0
0.296 0.444 0
0.444 0.666 0
0.666 1.000 0
1.000 1.500 0
1.500 2.250 0
2.250 3.375 0
3.375 5.062 0
5.062 7.593 0
7.593 11.390 0
11.390 17.085 0
17.085 25.628 0
25.628 38.443 0
38.443 57.665 0
57.665 86.497 0
86.497 129.746 0
129.746 194.619 0
194.619 291.929 0
410 420
0.01 0.017 6
0.017 0.026 6
0.026 0.039 2
0.039 0.058 0
0.058 0.087 0
0.087 0.131 0
0.131 0.197 0
0.197 0.296 0
0.296 0.444 0
0.444 0.666 0
0.666 1.000 0
1.000 1.500 0
1.500 2.250 0
2.250 3.375 0
3.375 5.062 0
5.062 7.593 0
7.593 11.390 0
11.390 17.085 0
17.085 25.628 0
25.628 38.443 0
38.443 57.665 0
57.665 86.497 0
86.497 129.746 0
129.746 194.619 0
194.619 291.929 0
420 430
0.01 0.017 9
0.017 0.026 9
0.026 0.039 0
0.039 0.058 0
0.058 0.087 0
0.087 0.131 0
0.131 0.197 0
0.197 0.296 0
0.296 0.444 0
0.444 0.666 0
0.666 1.000 0
1.000 1.500 0
1.500 2.250 0
2.250 3.375 0
3.375 5.062 0
5.062 7.593 0
7.593 11.390 0
11.390 17.085 0
17.085 25.628 0
25.628 38.443 0
38.443 57.665 0
57.665 86.497 0
86.497 129.746 0
129.746 194.619 0
194.619 291.929 0
430 440
0.01 0.017 3
0.017 0.026 3
0.026 0.039 1
0.039 0.058 0
0.058 0.087 0
0.087 0.131 0
0.131 0.197 0
0.197 0.296 0
0.296 0.444 0
0.444 0.666 0
0.666 1.000 0
1.000 1.500 0
1.500 2.250 0
2.250 3.375 0
3.375 5.062 0
5.062 7.593 0
7.593 11.390 0
11.390 17.085 0
17.085 25.628 0
25.628 38.443 0
38.443 57.665 0
57.665 86.497 0
86.497 129.746 0
129.746 194.619 0
194.619 291.929 0
440 450
0.01 0.017 2
0.017 0.026 2
0.026 0.039 1
0.039 0.058 0
0.058 0.087 0
0.087 0.131 0
0.131 0.197 0
0.197 0.296 0
0.296 0.444 0
0.444 0.666 0
0.666 1.000 0
1.000 1.500 0
1.500 2.250 0
2.250 3.375 0
3.375 5.062 0
5.062 7.593 0
7.593 11.390 0
11.390 17.085 0
17.085 25.628 0
25.628 38.443 0
38.443 57.665 0
57.665 86.497 0
86.497 129.746 0
129.746 194.619 0
194.619 291.929 0
450 460
0.01 0.017 2
0.017 0.026 2
0.026 0.039 0
0.039 0.058 1
0.058 0.087 0
0.087 0.131 0
0.131 0.197 0
0.197 0.296 0
0.296 0.444 0
0.444 0.666 0
0.666 1.000 0
1.000 1.500 0
1.500 2.250 0
2.250 3.375 0
3.375 5.062 0
5.062 7.593 0
7.593 11.390 0
11.390 17.085 0
17.085 25.628 0
25.628 38.443 0
38.443 57.665 0
57.665 86.497 0
86.497 129.746 0
129.746 194.619 0
194.619 291.929 0
460 470
0.01 0.017 2
0.017 0.026 2
0.026 0.039 2
0.039 0.058 4
0.058 0.087 0
0.087 0.131 0
0.131 0.197 0
0.197 0.296 0
0.296 0.444 0
0.444 0.666 0
0.666 1.000 0
1.000 1.500 1
1.500 2.250 0
2.250 3.375 0
3.375 5.062 0
5.062 7.593 0
7.593 11.390 0
11.390 17.085 0
17.085 25.628 0
25.628 38.443 0
38.443 57.665 0
57.665 86.497 0
86.497 129.746 0
129.746 194.619 0
194.619 291.929 0
470 480
0.01 0.017 2
0.017 0.026 2
0.026 0.039 4
0.039 0.058 3
0.058 0.087 0
0.087 0.131 0
0.131 0.197 0
0.197 0.296 0
0.296 0.444 1
0.444 0.666 0
0.666 1.000 0
1.000 1.500 0
1.500 2.250 0
2.250 3.375 0
3.375 5.062 0
5.062 7.593 0
7.593 11.390 0
11.390 17.085 0
17.085 25.628 0
25.628 38.443 0
38.443 57.665 0
57.665 86.497 0
86.497 129.746 0
129.746 194.619 0
194.619 291.929 0
480 490
0.01 0.017 3
0.017 0.026 3
0.026 0.039 0
0.039 0.058 0
0.058 0.087 0
0.087 0.131 0
0.131 0.197 0
0.197 0.296 0
0.296 0.444 0
0.444 0.666 0
0.666 1.000 0
1.000 1.500 0
1.500 2.250 0
2.250 3.375 0
3.375 5.062 0
5.062 7.593 0
7.593 11.390 0
11.390 17.085 0
17.085 25.628 0
25.628 38.443 0
38.443 57.665 0
57.665 86.497 0
86.497 129.746 0
129.746 194.619 0
194.619 291.929 0
490 500
0.01 0.017 6
0.017 0.026 6
0.026 0.039 0
0.039 0.058 0
0.058 0.087 0
0.087 0.131 0
0.131 0.197 0
0.197 0.296 0
0.296 0.444 0
0.444 0.666 0
0.666 1.000 0
1.000 1.500 0
1.500 2.250 0
2.250 3.375 0
3.375 5.062 0
5.062 7.593 0
7.593 11.390 0
11.390 17.085 0
17.085 25.628 0
25.628 38.443 0
38.443 57.665 0
57.665 86.497 0
86.497 129.746 0
129.746 194.619 0
194.619 291.929 0
500 510
0.01 0.017 2
0.017 0.026 2
0.026 0.039 2
0.039 0.058 0
0.058 0.087 0
0.087 0.131 0
0.131 0.197 0
0.197 0.296 0
0.296 0.444 0
0.444 0.666 0
0.666 1.000 0
1.000 1.500 0
1.500 2.250 0
2.250 3.375 0
3.375 5.062 0
5.062 7.593 0
7.593 11.390 0
11.390 17.085 0
17.085 25.628 0
25.628 38.443 0
38.443 57.665 0
57.665 86.497 0
86.497 129.746 0
129.746 194.619 0
194.619 291.929 0
510 520
0.01 0.017 7
0.017 0.026 7
0.026 0.039 0
0.039 0.058 0
0.058 0.087 0
0.087 0.131 0
0.131 0.197 0
0.197 0.296 0
0.296 0.444 0
0.444 0.666 0
0.666 1.000 0
1.000 1.500 0
1.500 2.250 0
2.250 3.375 0
3.375 5.062 0
5.062 7.593 0
7.593 11.390 0
11.390 17.085 0
17.085 25.628 0
25.628 38.443 0
38.443 57.665 0
57.665 86.497 0
86.497 129.746 0
129.746 194.619 0
194.619 291.929 0
520 530
0.01 0.017 3
0.017 0.026 3
0.026 0.039 1
0.039 0.058 1
0.058 0.087 0
0.087 0.131 0
0.131 0.197 1
0.197 0.296 0
0.296 0.444 0
0.444 0.666 0
0.666 1.000 0
1.000 1.500 0
1.500 2.250 0
2.250 3.375 0
3.375 5.062 0
5.062 7.593 0
7.593 11.390 0
11.390 17.085 0
17.085 25.628 0
25.628 38.443 0
38.443 57.665 0
57.665 86.497 0
86.497 129.746 0
129.746 194.619 0
194.619 291.929 0
530 540
0.01 0.017 1
0.017 0.026 1
0.026 0.039 4
0.039 0.058 0
0.058 0.087 1
0.087 0.131 0
0.131 0.197 0
0.197 0.296 0
0.296 0.444 0
0.444 0.666 0
0.666 1.000 0
1.000 1.500 0
1.500 2.250 0
2.250 3.375 0
3.375 5.062 0
5.062 7.593 0
7.593 11.390 0
11.390 17.085 0
17.085 25.628 0
25.628 38.443 0
38.443 57.665 0
57.665 86.497 0
86.497 129.746 0
129.746 194.619 0
194.619 291.929 0
540 550
0.01 0.017 0
0.017 0.026 0
0.026 0.039 1
0.039 0.058 0
0.058 0.087 0
0.087 0.131 0
0.131 0.197 0
0.197 0.296 0
0.296 0.444 0
0.444 0.666 0
0.666 1.000 0
1.000 1.500 0
1.500 2.250 0
2.250 3.375 0
3.375 5.062 0
5.062 7.593 0
7.593 11.390 0
11.390 17.085 0
17.085 25.628 0
25.628 38.443 0
38.443 57.665 0
57.665 86.497 0
86.497 129.746 0
129.746 194.619 0
194.619 291.929 0
550 560
0.01 0.017 1
0.017 0.026 1
0.026 0.039 1
0.039 0.058 0
0.058 0.087 1
0.087 0.131 0
0.131 0.197 1
0.197 0.296 2
0.296 0.444 0
0.444 0.666 0
0.666 1.000 0
1.000 1.500 0
1.500 2.250 0
2.250 3.375 0
3.375 5.062 0
5.062 7.593 0
7.593 11.390 0
11.390 17.085 0
17.085 25.628 0
25.628 38.443 0
38.443 57.665 0
57.665 86.497 0
86.497 129.746 0
129.746 194.619 0
194.619 291.929 0
560 570
0.01 0.017 15
0.017 0.026 15
0.026 0.039 1
0.039 0.058 0
0.058 0.087 1
0.087 0.131 0
0.131 0.197 0
0.197 0.296 1
0.296 0.444 0
0.444 0.666 2
0.666 1.000 0
1.000 1.500 0
1.500 2.250 0
2.250 3.375 0
3.375 5.062 0
5.062 7.593 0
7.593 11.390 0
11.390 17.085 0
17.085 25.628 0
25.628 38.443 0
38.443 57.665 0
57.665 86.497 0
86.497 129.746 0
129.746 194.619 0
194.619 291.929 0
570 580
0.01 0.017 2
0.017 0.026 2
0.026 0.039 0
0.039 0.058 0
0.058 0.087 1
0.087 0.131 1
0.131 0.197 0
0.197 0.296 0
0.296 0.444 0
0.444 0.666 0
0.666 1.000 0
1.000 1.500 1
1.500 2.250 0
2.250 3.375 0
3.375 5.062 0
5.062 7.593 0
7.593 11.390 0
11.390 17.085 0
17.085 25.628 0
25.628 38.443 0
38.443 57.665 0
57.665 86.497 0
86.497 129.746 0
129.746 194.619 0
194.619 291.929 0
580 590
0.01 0.017 6
0.017 0.026 6
0.026 0.039 1
0.039 0.058 1
0.058 0.087 0
0.087 0.131 0
0.131 0.197 0
0.197 0.296 0
0.296 0.444 0
0.444 0.666 0
0.666 1.000 0
1.000 1.500 0
1.500 2.250 1
2.250 3.375 0
3.375 5.062 0
5.062 7.593 0
7.593 11.390 0
11.390 17.085 0
17.085 25.628 0
25.628 38.443 0
38.443 57.665 0
57.665 86.497 0
86.497 129.746 0
129.746 194.619 0
194.619 291.929 0
590 600
0.01 0.017 7
0.017 0.026 7
0.026 0.039 1
0.039 0.058 0
0.058 0.087 0
0.087 0.131 0
0.131 0.197 0
0.197 0.296 0
0.296 0.444 0
0.444 0.666 0
0.666 1.000 0
1.000 1.500 0
1.500 2.250 0
2.250 3.375 0
3.375 5.062 0
5.062 7.593 0
7.593 11.390 0
11.390 17.085 0
17.085 25.628 0
25.628 38.443 0
38.443 57.665 0
57.665 86.497 0
86.497 129.746 0
129.746 194.619 0
194.619 291.929 0
600 610
0.01 0.017 2
0.017 0.026 2
0.026 0.039 0
0.039 0.058 0
0.058 0.087 0
0.087 0.131 0
0.131 0.197 0
0.197 0.296 0
0.296 0.444 0
0.444 0.666 0
0.666 1.000 1
1.000 1.500 0
1.500 2.250 0
2.250 3.375 0
3.375 5.062 1
5.062 7.593 0
7.593 11.390 0
11.390 17.085 0
17.085 25.628 0
25.628 38.443 0
38.443 57.665 0
57.665 86.497 0
86.497 129.746 0
129.746 194.619 0
194.619 291.929 0
610 620
0.01 0.017 4
0.017 0.026 4
0.026 0.039 2
0.039 0.058 0
0.058 0.087 1
0.087 0.131 1
0.131 0.197 0
0.197 0.296 0
0.296 0.444 1
0.444 0.666 1
0.666 1.000 0
1.000 1.500 0
1.500 2.250 0
2.250 3.375 1
3.375 5.062 0
5.062 7.593 0
7.593 11.390 0
11.390 17.085 0
17.085 25.628 0
25.628 38.443 0
38.443 57.665 0
57.665 86.497 0
86.497 129.746 0
129.746 194.619 0
194.619 291.929 0
620 630
0.01 0.017 6
0.017 0.026 6
0.026 0.039 0
0.039 0.058 0
0.058 0.087 0
0.087 0.131 0
0.131 0.197 0
0.197 0.296 0
0.296 0.444 0
0.444 0.666 0
0.666 1.000 0
1.000 1.500 1
1.500 2.250 0
2.250 3.375 0
3.375 5.062 0
5.062 7.593 0
7.593 11.390 0
11.390 17.085 0
17.085 25.628 0
25.628 38.443 0
38.443 57.665 0
57.665 86.497 0
86.497 129.746 0
129.746 194.619 0
194.619 291.929 0
630 640
0.01 0.017 4
0.017 0.026 4
0.026 0.039 1
0.039 0.058 0
0.058 0.087 0
0.087 0.131 0
0.131 0.197 1
0.197 0.296 0
0.296 0.444 0
0.444 0.666 0
0.666 1.000 0
1.000 1.500 0
1.500 2.250 0
2.250 3.375 0
3.375 5.062 0
5.062 7.593 0
7.593 11.390 0
11.390 17.085 0
17.085 25.628 0
25.628 38.443 0
38.443 57.665 0
57.665 86.497 0
86.497 129.746 0
129.746 194.619 0
194.619 291.929 0
640 650
0.01 0.017 10
0.017 0.026 10
0.026 0.039 1
0.039 0.058 0
0.058 0.087 0
0.087 0.131 0
0.131 0.197 3
0.197 0.296 0
0.296 0.444 0
0.444 0.666 1
0.666 1.000 1
1.000 1.500 0
1.500 2.250 0
2.250 3.375 0
3.375 5.062 0
5.062 7.593 1
7.593 11.390 0
11.390 17.085 0
17.085 25.628 0
25.628 38.443 0
38.443 57.665 0
57.665 86.497 0
86.497 129.746 0
129.746 194.619 0
194.619 291.929 0
650 660
0.01 0.017 10
0.017 0.026 10
0.026 0.039 1
0.039 0.058 0
0.058 0.087 2
0.087 0.131 0
0.131 0.197 0
0.197 0.296 1
0.296 0.444 1
0.444 0.666 0
0.666 1.000 0
1.000 1.500 0
1.500 2.250 0
2.250 3.375 0
3.375 5.062 0
5.062 7.593 0
7.593 11.390 0
11.390 17.085 1
17.085 25.628 0
25.628 38.443 0
38.443 57.665 0
57.665 86.497 0
86.497 129.746 0
129.746 194.619 0
194.619 291.929 0
660 670
0.01 0.017 8
0.017 0.026 8
0.026 0.039 2
0.039 0.058 0
0.058 0.087 1
0.087 0.131 2
0.131 0.197 0
0.197 0.296 0
0.296 0.444 0
0.444 0.666 2
0.666 1.000 0
1.000 1.500 0
1.500 2.250 0
2.250 3.375 0
3.375 5.062 0
5.062 7.593 0
7.593 11.390 0
11.390 17.085 0
17.085 25.628 0
25.628 38.443 0
38.443 57.665 0
57.665 86.497 0
86.497 129.746 0
129.746 194.619 0
194.619 291.929 0
670 680
0.01 0.017 6
0.017 0.026 6
0.026 0.039 3
0.039 0.058 0
0.058 0.087 2
0.087 0.131 1
0.131 0.197 2
0.197 0.296 1
0.296 0.444 0
0.444 0.666 0
0.666 1.000 0
1.000 1.500 0
1.500 2.250 0
2.250 3.375 0
3.375 5.062 0
5.062 7.593 0
7.593 11.390 0
11.390 17.085 0
17.085 25.628 0
25.628 38.443 0
38.443 57.665 0
57.665 86.497 0
86.497 129.746 0
129.746 194.619 0
194.619 291.929 0
680 690
0.01 0.017 13
0.017 0.026 13
0.026 0.039 4
0.039 0.058 1
0.058 0.087 1
0.087 0.131 1
0.131 0.197 0
0.197 0.296 2
0.296 0.444 0
0.444 0.666 2
0.666 1.000 0
1.000 1.500 0
1.500 2.250 0
2.250 3.375 0
3.375 5.062 0
5.062 7.593 0
7.593 11.390 0
11.390 17.085 0
17.085 25.628 0
25.628 38.443 0
38.443 57.665 0
57.665 86.497 0
86.497 129.746 0
129.746 194.619 0
194.619 291.929 0
690 700
0.01 0.017 0
0.017 0.026 0
0.026 0.039 1
0.039 0.058 2
0.058 0.087 0
0.087 0.131 0
0.131 0.197 1
0.197 0.296 0
0.296 0.444 0
0.444 0.666 0
0.666 1.000 0
1.000 1.500 0
1.500 2.250 0
2.250 3.375 0
3.375 5.062 0
5.062 7.593 0
7.593 11.390 0
11.390 17.085 0
17.085 25.628 0
25.628 38.443 0
38.443 57.665 0
57.665 86.497 0
86.497 129.746 0
129.746 194.619 0
194.619 291.929 0
700 710
0.01 0.017 4
0.017 0.026 4
0.026 0.039 1
0.039 0.058 0
0.058 0.087 0
0.087 0.131 0
0.131 0.197 0
0.197 0.296 0
0.296 0.444 0
0.444 0.666 0
0.666 1.000 0
1.000 1.500 0
1.500 2.250 0
2.250 3.375 0
3.375 5.062 0
5.062 7.593 0
7.593 11.390 0
11.390 17.085 0
17.085 25.628 0
25.628 38.443 0
38.443 57.665 0
57.665 86.497 0
86.497 129.746 0
129.746 194.619 0
194.619 291.929 0
710 720
0.01 0.017 3
0.017 0.026 3
0.026 0.039 4
0.039 0.058 1
0.058 0.087 0
0.087 0.131 2
0.131 0.197 2
0.197 0.296 0
0.296 0.444 0
0.444 0.666 0
0.666 1.000 0
1.000 1.500 0
1.500 2.250 0
2.250 3.375 0
3.375 5.062 0
5.062 7.593 1
7.593 11.390 0
11.390 17.085 0
17.085 25.628 0
25.628 38.443 0
38.443 57.665 0
57.665 86.497 0
86.497 129.746 0
129.746 194.619 0
194.619 291.929 0
720 730
0.01 0.017 2
0.017 0.026 2
0.026 0.039 4
0.039 0.058 0
0.058 0.087 0
0.087 0.131 0
0.131 0.197 0
0.197 0.296 1
0.296 0.444 0
0.444 0.666 0
0.666 1.000 0
1.000 1.500 1
1.500 2.250 0
2.250 3.375 0
3.375 5.062 0
5.062 7.593 0
7.593 11.390 0
11.390 17.085 0
17.085 25.628 0
25.628 38.443 0
38.443 57.665 0
57.665 86.497 0
86.497 129.746 0
129.746 194.619 0
194.619 291.929 0
730 740
0.01 0.017 2
0.017 0.026 2
0.026 0.039 0
0.039 0.058 0
0.058 0.087 0
0.087 0.131 0
0.131 0.197 2
0.197 0.296 1
0.296 0.444 1
0.444 0.666 1
0.666 1.000 1
1.000 1.500 0
1.500 2.250 0
2.250 3.375 1
3.375 5.062 0
5.062 7.593 0
7.593 11.390 0
11.390 17.085 0
17.085 25.628 0
25.628 38.443 0
38.443 57.665 0
57.665 86.497 0
86.497 129.746 0
129.746 194.619 0
194.619 291.929 0
740 750
0.01 0.017 14
0.017 0.026 14
0.026 0.039 1
0.039 0.058 1
0.058 0.087 0
0.087 0.131 0
0.131 0.197 1
0.197 0.296 0
0.296 0.444 1
0.444 0.666 0
0.666 1.000 0
1.000 1.500 0
1.500 2.250 0
2.250 3.375 0
3.375 5.062 0
5.062 7.593 0
7.593 11.390 0
11.390 17.085 0
17.085 25.628 0
25.628 38.443 0
38.443 57.665 0
57.665 86.497 0
86.497 129.746 0
129.746 194.619 0
194.619 291.929 0
750 760
0.01 0.017 2
0.017 0.026 2
0.026 0.039 0
0.039 0.058 0
0.058 0.087 0
0.087 0.131 0
0.131 0.197 0
0.197 0.296 0
0.296 0.444 0
0.444 0.666 0
0.666 1.000 0
1.000 1.500 0
1.500 2.250 0
2.250 3.375 0
3.375 5.062 0
5.062 7.593 0
7.593 11.390 0
11.390 17.085 0
17.085 25.628 0
25.628 38.443 0
38.443 57.665 0
57.665 86.497 0
86.497 129.746 0
129.746 194.619 0
194.619 291.929 0
760 770
0.01 0.017 29
0.017 0.026 29
0.026 0.039 19
0.039 0.058 8
0.058 0.087 7
0.087 0.131 7
0.131 0.197 12
0.197 0.296 8
0.296 0.444 7
0.444 0.666 4
0.666 1.000 2
1.000 1.500 2
1.500 2.250 7
2.250 3.375 2
3.375 5.062 1
5.062 7.593 1
7.593 11.390 0
11.390 17.085 0
17.085 25.628 0
25.628 38.443 0
38.443 57.665 1
57.665 86.497 0
86.497 129.746 1
129.746 194.619 0
194.619 291.929 0
770 780
0.01 0.017 4
0.017 0.026 4
0.026 0.039 7
0.039 0.058 5
0.058 0.087 4
0.087 0.131 5
0.131 0.197 8
0.197 0.296 5
0.296 0.444 0
0.444 0.666 3
0.666 1.000 1
1.000 1.500 1
1.500 2.250 0
2.250 3.375 2
3.375 5.062 0
5.062 7.593 1
7.593 11.390 0
11.390 17.085 0
17.085 25.628 0
25.628 38.443 0
38.443 57.665 0
57.665 86.497 0
86.497 129.746 0
129.746 194.619 0
194.619 291.929 0
780 790
0.01 0.017 10
0.017 0.026 10
0.026 0.039 4
0.039 0.058 2
0.058 0.087 2
0.087 0.131 5
0.131 0.197 13
0.197 0.296 2
0.296 0.444 8
0.444 0.666 3
0.666 1.000 0
1.000 1.500 1
1.500 2.250 1
2.250 3.375 3
3.375 5.062 0
5.062 7.593 0
7.593 11.390 0
11.390 17.085 0
17.085 25.628 0
25.628 38.443 0
38.443 57.665 0
57.665 86.497 0
86.497 129.746 0
129.746 194.619 0
194.619 291.929 0
790 800
0.01 0.017 9
0.017 0.026 9
0.026 0.039 2
0.039 0.058 4
0.058 0.087 4
0.087 0.131 5
0.131 0.197 16
0.197 0.296 2
0.296 0.444 2
0.444 0.666 1
0.666 1.000 1
1.000 1.500 0
1.500 2.250 0
2.250 3.375 0
3.375 5.062 0
5.062 7.593 0
7.593 11.390 0
11.390 17.085 0
17.085 25.628 0
25.628 38.443 0
38.443 57.665 0
57.665 86.497 0
86.497 129.746 0
129.746 194.619 0
194.619 291.929 0
800 810
0.01 0.017 0
0.017 0.026 0
0.026 0.039 0
0.039 0.058 0
0.058 0.087 0
0.087 0.131 0
0.131 0.197 12
0.197 0.296 0
0.296 0.444 2
0.444 0.666 0
0.666 1.000 0
1.000 1.500 0
1.500 2.250 1
2.250 3.375 0
3.375 5.062 1
5.062 7.593 1
7.593 11.390 0
11.390 17.085 0
17.085 25.628 0
25.628 38.443 0
38.443 57.665 0
57.665 86.497 0
86.497 129.746 0
129.746 194.619 0
194.619 291.929 0
810 820
0.01 0.017 1
0.017 0.026 1
0.026 0.039 1
0.039 0.058 0
0.058 0.087 0
0.087 0.131 0
0.131 0.197 0
0.197 0.296 0
0.296 0.444 1
0.444 0.666 0
0.666 1.000 0
1.000 1.500 0
1.500 2.250 0
2.250 3.375 0
3.375 5.062 0
5.062 7.593 0
7.593 11.390 0
11.390 17.085 0
17.085 25.628 0
25.628 38.443 0
38.443 57.665 0
57.665 86.497 0
86.497 129.746 0
129.746 194.619 0
194.619 291.929 0
820 830
0.01 0.017 0
0.017 0.026 0
0.026 0.039 2
0.039 0.058 0
0.058 0.087 0
0.087 0.131 0
0.131 0.197 1
0.197 0.296 0
0.296 0.444 0
0.444 0.666 1
0.666 1.000 0
1.000 1.500 0
1.500 2.250 0
2.250 3.375 0
3.375 5.062 0
5.062 7.593 0
7.593 11.390 0
11.390 17.085 0
17.085 25.628 0
25.628 38.443 0
38.443 57.665 0
57.665 86.497 0
86.497 129.746 0
129.746 194.619 0
194.619 291.929 0
830 840
0.01 0.017 2
0.017 0.026 2
0.026 0.039 0
0.039 0.058 0
0.058 0.087 0
0.087 0.131 0
0.131 0.197 1
0.197 0.296 0
0.296 0.444 0
0.444 0.666 0
0.666 1.000 0
1.000 1.500 0
1.500 2.250 0
2.250 3.375 0
3.375 5.062 0
5.062 7.593 0
7.593 11.390 0
11.390 17.085 0
17.085 25.628 0
25.628 38.443 0
38.443 57.665 0
57.665 86.497 0
86.497 129.746 0
129.746 194.619 0
194.619 291.929 0
840 850
0.01 0.017 2
0.017 0.026 2
0.026 0.039 0
0.039 0.058 0
0.058 0.087 0
0.087 0.131 0
0.131 0.197 0
0.197 0.296 0
0.296 0.444 0
0.444 0.666 1
0.666 1.000 0
1.000 1.500 1
1.500 2.250 0
2.250 3.375 0
3.375 5.062 0
5.062 7.593 0
7.593 11.390 0
11.390 17.085 0
17.085 25.628 0
25.628 38.443 0
38.443 57.665 0
57.665 86.497 0
86.497 129.746 0
129.746 194.619 0
194.619 291.929 0
850 860
0.01 0.017 2
0.017 0.026 2
0.026 0.039 0
0.039 0.058 0
0.058 0.087 0
0.087 0.131 1
0.131 0.197 0
0.197 0.296 0
0.296 0.444 0
0.444 0.666 0
0.666 1.000 1
1.000 1.500 0
1.500 2.250 0
2.250 3.375 0
3.375 5.062 0
5.062 7.593 0
7.593 11.390 0
11.390 17.085 0
17.085 25.628 0
25.628 38.443 0
38.443 57.665 0
57.665 86.497 0
86.497 129.746 0
129.746 194.619 0
194.619 291.929 0
860 870
0.01 0.017 1
0.017 0.026 1
0.026 0.039 3
0.039 0.058 1
0.058 0.087 0
0.087 0.131 0
0.131 0.197 0
0.197 0.296 0
0.296 0.444 0
0.444 0.666 1
0.666 1.000 0
1.000 1.500 0
1.500 2.250 0
2.250 3.375 0
3.375 5.062 0
5.062 7.593 0
7.593 11.390 0
11.390 17.085 0
17.085 25.628 0
25.628 38.443 0
38.443 57.665 0
57.665 86.497 0
86.497 129.746 0
129.746 194.619 0
194.619 291.929 0
870 880
0.01 0.017 5
0.017 0.026 5
0.026 0.039 1
0.039 0.058 1
0.058 0.087 0
0.087 0.131 0
0.131 0.197 1
0.197 0.296 1
0.296 0.444 1
0.444 0.666 1
0.666 1.000 0
1.000 1.500 0
1.500 2.250 1
2.250 3.375 2
3.375 5.062 0
5.062 7.593 0
7.593 11.390 0
11.390 17.085 0
17.085 25.628 0
25.628 38.443 0
38.443 57.665 0
57.665 86.497 0
86.497 129.746 0
129.746 194.619 0
194.619 291.929 0
880 890
0.01 0.017 1
0.017 0.026 1
0.026 0.039 1
0.039 0.058 0
0.058 0.087 0
0.087 0.131 0
0.131 0.197 0
0.197 0.296 0
0.296 0.444 0
0.444 0.666 0
0.666 1.000 0
1.000 1.500 0
1.500 2.250 0
2.250 3.375 0
3.375 5.062 0
5.062 7.593 0
7.593 11.390 0
11.390 17.085 0
17.085 25.628 0
25.628 38.443 0
38.443 57.665 0
57.665 86.497 0
86.497 129.746 0
129.746 194.619 0
194.619 291.929 0
890 900
0.01 0.017 3
0.017 0.026 3
0.026 0.039 2
0.039 0.058 2
0.058 0.087 0
0.087 0.131 0
0.131 0.197 0
0.197 0.296 1
0.296 0.444 1
0.444 0.666 0
0.666 1.000 0
1.000 1.500 1
1.500 2.250 0
2.250 3.375 0
3.375 5.062 0
5.062 7.593 0
7.593 11.390 0
11.390 17.085 0
17.085 25.628 0
25.628 38.443 0
38.443 57.665 0
57.665 86.497 0
86.497 129.746 0
129.746 194.619 0
194.619 291.929 0
900 910
0.01 0.017 2
0.017 0.026 2
0.026 0.039 0
0.039 0.058 0
0.058 0.087 0
0.087 0.131 0
0.131 0.197 0
0.197 0.296 0
0.296 0.444 0
0.444 0.666 0
0.666 1.000 0
1.000 1.500 0
1.500 2.250 0
2.250 3.375 0
3.375 5.062 0
5.062 7.593 0
7.593 11.390 0
11.390 17.085 0
17.085 25.628 0
25.628 38.443 0
38.443 57.665 0
57.665 86.497 0
86.497 129.746 0
129.746 194.619 0
194.619 291.929 0
910 920
0.01 0.017 0
0.017 0.026 0
0.026 0.039 0
0.039 0.058 0
0.058 0.087 0
0.087 0.131 0
0.131 0.197 2
0.197 0.296 0
0.296 0.444 0
0.444 0.666 1
0.666 1.000 0
1.000 1.500 1
1.500 2.250 0
2.250 3.375 0
3.375 5.062 0
5.062 7.593 0
7.593 11.390 0
11.390 17.085 0
17.085 25.628 0
25.628 38.443 0
38.443 57.665 0
57.665 86.497 0
86.497 129.746 0
129.746 194.619 0
194.619 291.929 0
920 930
0.01 0.017 2
0.017 0.026 2
0.026 0.039 2
0.039 0.058 0
0.058 0.087 0
0.087 0.131 0
0.131 0.197 0
0.197 0.296 0
0.296 0.444 0
0.444 0.666 0
0.666 1.000 0
1.000 1.500 0
1.500 2.250 0
2.250 3.375 0
3.375 5.062 0
5.062 7.593 0
7.593 11.390 0
11.390 17.085 0
17.085 25.628 0
25.628 38.443 0
38.443 57.665 0
57.665 86.497 0
86.497 129.746 0
129.746 194.619 0
194.619 291.929 0
930 940
0.01 0.017 0
0.017 0.026 0
0.026 0.039 0
0.039 0.058 1
0.058 0.087 0
0.087 0.131 0
0.131 0.197 0
0.197 0.296 1
0.296 0.444 0
0.444 0.666 1
0.666 1.000 0
1.000 1.500 0
1.500 2.250 0
2.250 3.375 1
3.375 5.062 0
5.062 7.593 0
7.593 11.390 0
11.390 17.085 1
17.085 25.628 0
25.628 38.443 0
38.443 57.665 0
57.665 86.497 0
86.497 129.746 0
129.746 194.619 0
194.619 291.929 0
940 950
0.01 0.017 1
0.017 0.026 1
0.026 0.039 0
0.039 0.058 2
0.058 0.087 0
0.087 0.131 1
0.131 0.197 1
0.197 0.296 0
0.296 0.444 0
0.444 0.666 1
0.666 1.000 0
1.000 1.500 0
1.500 2.250 2
2.250 3.375 2
3.375 5.062 0
5.062 7.593 0
7.593 11.390 1
11.390 17.085 0
17.085 25.628 0
25.628 38.443 0
38.443 57.665 0
57.665 86.497 0
86.497 129.746 0
129.746 194.619 0
194.619 291.929 0
950 960
0.01 0.017 3
0.017 0.026 3
0.026 0.039 1
0.039 0.058 1
0.058 0.087 3
0.087 0.131 0
0.131 0.197 0
0.197 0.296 0
0.296 0.444 0
0.444 0.666 0
0.666 1.000 0
1.000 1.500 0
1.500 2.250 0
2.250 3.375 0
3.375 5.062 0
5.062 7.593 0
7.593 11.390 0
11.390 17.085 0
17.085 25.628 0
25.628 38.443 0
38.443 57.665 0
57.665 86.497 0
86.497 129.746 0
129.746 194.619 0
194.619 291.929 0
960 970
0.01 0.017 3
0.017 0.026 3
0.026 0.039 1
0.039 0.058 1
0.058 0.087 1
0.087 0.131 1
0.131 0.197 0
0.197 0.296 0
0.296 0.444 0
0.444 0.666 0
0.666 1.000 0
1.000 1.500 0
1.500 2.250 0
2.250 3.375 1
3.375 5.062 0
5.062 7.593 0
7.593 11.390 0
11.390 17.085 0
17.085 25.628 0
25.628 38.443 0
38.443 57.665 0
57.665 86.497 0
86.497 129.746 0
129.746 194.619 0
194.619 291.929 0
970 980
0.01 0.017 1
0.017 0.026 1
0.026 0.039 1
0.039 0.058 0
0.058 0.087 0
0.087 0.131 1
0.131 0.197 0
0.197 0.296 0
0.296 0.444 0
0.444 0.666 0
0.666 1.000 0
1.000 1.500 0
1.500 2.250 0
2.250 3.375 0
3.375 5.062 0
5.062 7.593 0
7.593 11.390 0
11.390 17.085 0
17.085 25.628 0
25.628 38.443 0
38.443 57.665 0
57.665 86.497 0
86.497 129.746 0
129.746 194.619 0
194.619 291.929 0
980 990
0.01 0.017 2
0.017 0.026 2
0.026 0.039 1
0.039 0.058 0
0.058 0.087 1
0.087 0.131 0
0.131 0.197 0
0.197 0.296 0
0.296 0.444 0
0.444 0.666 0
0.666 1.000 0
1.000 1.500 0
1.500 2.250 0
2.250 3.375 0
3.375 5.062 0
5.062 7.593 0
7.593 11.390 0
11.390 17.085 0
17.085 25.628 0
25.628 38.443 0
38.443 57.665 0
57.665 86.497 0
86.497 129.746 0
129.746 194.619 0
194.619 291.929 0
990 1000
0.01 0.017 3
0.017 0.026 3
0.026 0.039 2
0.039 0.058 1
0.058 0.087 0
0.087 0.131 1
0.131 0.197 0
0.197 0.296 0
0.296 0.444 1
0.444 0.666 0
0.666 1.000 0
1.000 1.500 0
1.500 2.250 2
2.250 3.375 0
3.375 5.062 0
5.062 7.593 0
7.593 11.390 0
11.390 17.085 0
17.085 25.628 0
25.628 38.443 0
38.443 57.665 0
57.665 86.497 0
86.497 129.746 0
129.746 194.619 0
194.619 291.929 0
1000 1010
0.01 0.017 4
0.017 0.026 4
0.026 0.039 0
0.039 0.058 0
0.058 0.087 0
0.087 0.131 0
0.131 0.197 0
0.197 0.296 0
0.296 0.444 0
0.444 0.666 0
0.666 1.000 0
1.000 1.500 0
1.500 2.250 0
2.250 3.375 0
3.375 5.062 0
5.062 7.593 0
7.593 11.390 0
11.390 17.085 0
17.085 25.628 0
25.628 38.443 0
38.443 57.665 0
57.665 86.497 0
86.497 129.746 0
129.746 194.619 0
194.619 291.929 0
1010 1020
0.01 0.017 2
0.017 0.026 2
0.026 0.039 0
0.039 0.058 2
0.058 0.087 0
0.087 0.131 0
0.131 0.197 0
0.197 0.296 0
0.296 0.444 0
0.444 0.666 0
0.666 1.000 0
1.000 1.500 0
1.500 2.250 0
2.250 3.375 0
3.375 5.062 0
5.062 7.593 0
7.593 11.390 0
11.390 17.085 0
17.085 25.628 0
25.628 38.443 0
38.443 57.665 0
57.665 86.497 0
86.497 129.746 0
129.746 194.619 0
194.619 291.929 0
1020 1030
0.01 0.017 2
0.017 0.026 2
0.026 0.039 1
0.039 0.058 0
0.058 0.087 0
0.087 0.131 1
0.131 0.197 1
0.197 0.296 0
0.296 0.444 0
0.444 0.666 0
0.666 1.000 0
1.000 1.500 0
1.500 2.250 0
2.250 3.375 0
3.375 5.062 0
5.062 7.593 0
7.593 11.390 0
11.390 17.085 0
17.085 25.628 0
25.628 38.443 0
38.443 57.665 0
57.665 86.497 0
86.497 129.746 0
129.746 194.619 0
194.619 291.929 0
1030 1040
0.01 0.017 2
0.017 0.026 2
0.026 0.039 3
0.039 0.058 0
0.058 0.087 0
0.087 0.131 0
0.131 0.197 0
0.197 0.296 0
0.296 0.444 0
0.444 0.666 0
0.666 1.000 0
1.000 1.500 0
1.500 2.250 0
2.250 3.375 0
3.375 5.062 0
5.062 7.593 0
7.593 11.390 0
11.390 17.085 0
17.085 25.628 0
25.628 38.443 0
38.443 57.665 0
57.665 86.497 0
86.497 129.746 0
129.746 194.619 0
194.619 291.929 0
1040 1050
0.01 0.017 1
0.017 0.026 1
0.026 0.039 2
0.039 0.058 0
0.058 0.087 1
0.087 0.131 0
0.131 0.197 0
0.197 0.296 0
0.296 0.444 0
0.444 0.666 0
0.666 1.000 0
1.000 1.500 0
1.500 2.250 0
2.250 3.375 0
3.375 5.062 0
5.062 7.593 0
7.593 11.390 0
11.390 17.085 0
17.085 25.628 0
25.628 38.443 0
38.443 57.665 0
57.665 86.497 0
86.497 129.746 0
129.746 194.619 0
194.619 291.929 0
1050 1060
0.01 0.017 3
0.017 0.026 3
0.026 0.039 2
0.039 0.058 1
0.058 0.087 2
0.087 0.131 3
0.131 0.197 0
0.197 0.296 0
0.296 0.444 1
0.444 0.666 0
0.666 1.000 0
1.000 1.500 2
1.500 2.250 1
2.250 3.375 4
3.375 5.062 0
5.062 7.593 0
7.593 11.390 0
11.390 17.085 0
17.085 25.628 0
25.628 38.443 0
38.443 57.665 0
57.665 86.497 0
86.497 129.746 0
129.746 194.619 0
194.619 291.929 0
1060 1070
0.01 0.017 4
0.017 0.026 4
0.026 0.039 0
0.039 0.058 0
0.058 0.087 0
0.087 0.131 0
0.131 0.197 1
0.197 0.296 0
0.296 0.444 0
0.444 0.666 0
0.666 1.000 0
1.000 1.500 1
1.500 2.250 1
2.250 3.375 0
3.375 5.062 0
5.062 7.593 0
7.593 11.390 0
11.390 17.085 0
17.085 25.628 0
25.628 38.443 0
38.443 57.665 0
57.665 86.497 0
86.497 129.746 0
129.746 194.619 0
194.619 291.929 0
1070 1080
0.01 0.017 0
0.017 0.026 0
0.026 0.039 2
0.039 0.058 7
0.058 0.087 2
0.087 0.131 0
0.131 0.197 2
0.197 0.296 0
0.296 0.444 0
0.444 0.666 0
0.666 1.000 1
1.000 1.500 0
1.500 2.250 0
2.250 3.375 0
3.375 5.062 0
5.062 7.593 0
7.593 11.390 0
11.390 17.085 0
17.085 25.628 0
25.628 38.443 0
38.443 57.665 0
57.665 86.497 0
86.497 129.746 0
129.746 194.619 0
194.619 291.929 0
1080 1090
0.01 0.017 4
0.017 0.026 4
0.026 0.039 2
0.039 0.058 1
0.058 0.087 2
0.087 0.131 5
0.131 0.197 5
0.197 0.296 1
0.296 0.444 1
0.444 0.666 0
0.666 1.000 1
1.000 1.500 1
1.500 2.250 1
2.250 3.375 0
3.375 5.062 0
5.062 7.593 0
7.593 11.390 0
11.390 17.085 1
17.085 25.628 1
25.628 38.443 0
38.443 57.665 0
57.665 86.497 0
86.497 129.746 0
129.746 194.619 0
194.619 291.929 0
1090 1100
0.01 0.017 4
0.017 0.026 4
0.026 0.039 2
0.039 0.058 5
0.058 0.087 2
0.087 0.131 1
0.131 0.197 5
0.197 0.296 0
0.296 0.444 0
0.444 0.666 0
0.666 1.000 0
1.000 1.500 0
1.500 2.250 0
2.250 3.375 0
3.375 5.062 0
5.062 7.593 0
7.593 11.390 0
11.390 17.085 0
17.085 25.628 0
25.628 38.443 0
38.443 57.665 0
57.665 86.497 0
86.497 129.746 0
129.746 194.619 0
194.619 291.929 0
1100 1110
0.01 0.017 7
0.017 0.026 7
0.026 0.039 3
0.039 0.058 1
0.058 0.087 1
0.087 0.131 1
0.131 0.197 4
0.197 0.296 1
0.296 0.444 0
0.444 0.666 1
0.666 1.000 1
1.000 1.500 0
1.500 2.250 0
2.250 3.375 1
3.375 5.062 0
5.062 7.593 0
7.593 11.390 0
11.390 17.085 0
17.085 25.628 0
25.628 38.443 0
38.443 57.665 0
57.665 86.497 0
86.497 129.746 0
129.746 194.619 0
194.619 291.929 0
1110 1120
0.01 0.017 5
0.017 0.026 5
0.026 0.039 1
0.039 0.058 1
0.058 0.087 1
0.087 0.131 2
0.131 0.197 3
0.197 0.296 0
0.296 0.444 1
0.444 0.666 0
0.666 1.000 0
1.000 1.500 0
1.500 2.250 0
2.250 3.375 0
3.375 5.062 0
5.062 7.593 0
7.593 11.390 0
11.390 17.085 0
17.085 25.628 0
25.628 38.443 0
38.443 57.665 0
57.665 86.497 0
86.497 129.746 0
129.746 194.619 0
194.619 291.929 0
1120 1130
0.01 0.017 7
0.017 0.026 7
0.026 0.039 1
0.039 0.058 0
0.058 0.087 1
0.087 0.131 0
0.131 0.197 13
0.197 0.296 0
0.296 0.444 0
0.444 0.666 1
0.666 1.000 0
1.000 1.500 0
1.500 2.250 2
2.250 3.375 0
3.375 5.062 0
5.062 7.593 0
7.593 11.390 0
11.390 17.085 0
17.085 25.628 0
25.628 38.443 0
38.443 57.665 0
57.665 86.497 0
86.497 129.746 0
129.746 194.619 0
194.619 291.929 0
1130 1140
0.01 0.017 2
0.017 0.026 2
0.026 0.039 0
0.039 0.058 2
0.058 0.087 0
0.087 0.131 3
0.131 0.197 18
0.197 0.296 0
0.296 0.444 0
0.444 0.666 1
0.666 1.000 0
1.000 1.500 0
1.500 2.250 1
2.250 3.375 0
3.375 5.062 1
5.062 7.593 0
7.593 11.390 0
11.390 17.085 0
17.085 25.628 0
25.628 38.443 0
38.443 57.665 0
57.665 86.497 0
86.497 129.746 0
129.746 194.619 0
194.619 291.929 0
1140 1150
0.01 0.017 7
0.017 0.026 7
0.026 0.039 1
0.039 0.058 2
0.058 0.087 2
0.087 0.131 0
0.131 0.197 12
0.197 0.296 0
0.296 0.444 1
0.444 0.666 0
0.666 1.000 0
1.000 1.500 0
1.500 2.250 0
2.250 3.375 2
3.375 5.062 0
5.062 7.593 0
7.593 11.390 0
11.390 17.085 0
17.085 25.628 0
25.628 38.443 0
38.443 57.665 0
57.665 86.497 0
86.497 129.746 0
129.746 194.619 0
194.619 291.929 0
1150 1160
0.01 0.017 10
0.017 0.026 10
0.026 0.039 3
0.039 0.058 2
0.058 0.087 2
0.087 0.131 0
0.131 0.197 0
0.197 0.296 0
0.296 0.444 0
0.444 0.666 2
0.666 1.000 0
1.000 1.500 1
1.500 2.250 0
2.250 3.375 0
3.375 5.062 0
5.062 7.593 0
7.593 11.390 2
11.390 17.085 0
17.085 25.628 0
25.628 38.443 0
38.443 57.665 0
57.665 86.497 0
86.497 129.746 0
129.746 194.619 0
194.619 291.929 0
1160 1170
0.01 0.017 7
0.017 0.026 7
0.026 0.039 6
0.039 0.058 2
0.058 0.087 0
0.087 0.131 3
0.131 0.197 8
0.197 0.296 0
0.296 0.444 1
0.444 0.666 1
0.666 1.000 0
1.000 1.500 0
1.500 2.250 3
2.250 3.375 2
3.375 5.062 0
5.062 7.593 0
7.593 11.390 0
11.390 17.085 0
17.085 25.628 0
25.628 38.443 0
38.443 57.665 0
57.665 86.497 0
86.497 129.746 0
129.746 194.619 0
194.619 291.929 0
1170 1180
0.01 0.017 4
0.017 0.026 4
0.026 0.039 2
0.039 0.058 0
0.058 0.087 0
0.087 0.131 0
0.131 0.197 0
0.197 0.296 0
0.296 0.444 0
0.444 0.666 0
0.666 1.000 2
1.000 1.500 0
1.500 2.250 1
2.250 3.375 0
3.375 5.062 0
5.062 7.593 0
7.593 11.390 0
11.390 17.085 0
17.085 25.628 0
25.628 38.443 0
38.443 57.665 0
57.665 86.497 0
86.497 129.746 0
129.746 194.619 0
194.619 291.929 0
1180 1190
0.01 0.017 9
0.017 0.026 9
0.026 0.039 4
0.039 0.058 0
0.058 0.087 1
0.087 0.131 2
0.131 0.197 2
0.197 0.296 0
0.296 0.444 1
0.444 0.666 0
0.666 1.000 0
1.000 1.500 0
1.500 2.250 1
2.250 3.375 0
3.375 5.062 0
5.062 7.593 0
7.593 11.390 0
11.390 17.085 0
17.085 25.628 0
25.628 38.443 0
38.443 57.665 0
57.665 86.497 0
86.497 129.746 0
129.746 194.619 0
194.619 291.929 0
1190 1200
0.01 0.017 10
0.017 0.026 10
0.026 0.039 2
0.039 0.058 0
0.058 0.087 0
0.087 0.131 0
0.131 0.197 0
0.197 0.296 0
0.296 0.444 0
0.444 0.666 0
0.666 1.000 0
1.000 1.500 0
1.500 2.250 0
2.250 3.375 0
3.375 5.062 0
5.062 7.593 0
7.593 11.390 0
11.390 17.085 0
17.085 25.628 0
25.628 38.443 0
38.443 57.665 0
57.665 86.497 0
86.497 129.746 0
129.746 194.619 0
194.619 291.929 0
1200 1210
0.01 0.017 8
0.017 0.026 8
0.026 0.039 4
0.039 0.058 0
0.058 0.087 0
0.087 0.131 1
0.131 0.197 2
0.197 0.296 0
0.296 0.444 0
0.444 0.666 0
0.666 1.000 0
1.000 1.500 0
1.500 2.250 0
2.250 3.375 1
3.375 5.062 1
5.062 7.593 0
7.593 11.390 0
11.390 17.085 0
17.085 25.628 0
25.628 38.443 0
38.443 57.665 0
57.665 86.497 0
86.497 129.746 0
129.746 194.619 0
194.619 291.929 0
1210 1220
0.01 0.017 19
0.017 0.026 19
0.026 0.039 1
0.039 0.058 0
0.058 0.087 0
0.087 0.131 0
0.131 0.197 0
0.197 0.296 1
0.296 0.444 2
0.444 0.666 0
0.666 1.000 0
1.000 1.500 0
1.500 2.250 0
2.250 3.375 2
3.375 5.062 0
5.062 7.593 0
7.593 11.390 0
11.390 17.085 0
17.085 25.628 0
25.628 38.443 0
38.443 57.665 0
57.665 86.497 0
86.497 129.746 0
129.746 194.619 0
194.619 291.929 0
1220 1230
0.01 0.017 11
0.017 0.026 11
0.026 0.039 2
0.039 0.058 1
0.058 0.087 0
0.087 0.131 0
0.131 0.197 5
0.197 0.296 0
0.296 0.444 0
0.444 0.666 1
0.666 1.000 0
1.000 1.500 0
1.500 2.250 0
2.250 3.375 0
3.375 5.062 0
5.062 7.593 0
7.593 11.390 0
11.390 17.085 0
17.085 25.628 0
25.628 38.443 0
38.443 57.665 0
57.665 86.497 0
86.497 129.746 0
129.746 194.619 0
194.619 291.929 0
1230 1240
0.01 0.017 10
0.017 0.026 10
0.026 0.039 0
0.039 0.058 1
0.058 0.087 0
0.087 0.131 0
0.131 0.197 2
0.197 0.296 1
0.296 0.444 0
0.444 0.666 0
0.666 1.000 1
1.000 1.500 0
1.500 2.250 1
2.250 3.375 1
3.375 5.062 0
5.062 7.593 0
7.593 11.390 0
11.390 17.085 0
17.085 25.628 0
25.628 38.443 0
38.443 57.665 0
57.665 86.497 0
86.497 129.746 0
129.746 194.619 0
194.619 291.929 0
1240 1250
0.01 0.017 7
0.017 0.026 7
0.026 0.039 2
0.039 0.058 1
0.058 0.087 1
0.087 0.131 1
0.131 0.197 1
0.197 0.296 1
0.296 0.444 0
0.444 0.666 0
0.666 1.000 1
1.000 1.500 0
1.500 2.250 0
2.250 3.375 0
3.375 5.062 0
5.062 7.593 0
7.593 11.390 0
11.390 17.085 0
17.085 25.628 0
25.628 38.443 0
38.443 57.665 0
57.665 86.497 0
86.497 129.746 0
129.746 194.619 0
194.619 291.929 0
1250 1260
0.01 0.017 8
0.017 0.026 8
0.026 0.039 3
0.039 0.058 0
0.058 0.087 0
0.087 0.131 0
0.131 0.197 0
0.197 0.296 0
0.296 0.444 0
0.444 0.666 0
0.666 1.000 0
1.000 1.500 0
1.500 2.250 0
2.250 3.375 0
3.375 5.062 0
5.062 7.593 0
7.593 11.390 0
11.390 17.085 0
17.085 25.628 0
25.628 38.443 0
38.443 57.665 0
57.665 86.497 0
86.497 129.746 0
129.746 194.619 0
194.619 291.929 0
1260 1270
0.01 0.017 2
0.017 0.026 2
0.026 0.039 3
0.039 0.058 0
0.058 0.087 0
0.087 0.131 0
0.131 0.197 0
0.197 0.296 1
0.296 0.444 0
0.444 0.666 0
0.666 1.000 0
1.000 1.500 1
1.500 2.250 1
2.250 3.375 0
3.375 5.062 0
5.062 7.593 0
7.593 11.390 0
11.390 17.085 0
17.085 25.628 0
25.628 38.443 0
38.443 57.665 0
57.665 86.497 0
86.497 129.746 0
129.746 194.619 0
194.619 291.929 0
1270 1280
0.01 0.017 5
0.017 0.026 5
0.026 0.039 1
0.039 0.058 0
0.058 0.087 1
0.087 0.131 0
0.131 0.197 0
0.197 0.296 0
0.296 0.444 2
0.444 0.666 0
0.666 1.000 0
1.000 1.500 0
1.500 2.250 0
2.250 3.375 1
3.375 5.062 0
5.062 7.593 0
7.593 11.390 0
11.390 17.085 0
17.085 25.628 0
25.628 38.443 0
38.443 57.665 0
57.665 86.497 0
86.497 129.746 0
129.746 194.619 0
194.619 291.929 0
1280 1290
0.01 0.017 3
0.017 0.026 3
0.026 0.039 3
0.039 0.058 2
0.058 0.087 1
0.087 0.131 0
0.131 0.197 0
0.197 0.296 0
0.296 0.444 1
0.444 0.666 0
0.666 1.000 0
1.000 1.500 0
1.500 2.250 2
2.250 3.375 1
3.375 5.062 0
5.062 7.593 0
7.593 11.390 0
11.390 17.085 0
17.085 25.628 0
25.628 38.443 0
38.443 57.665 0
57.665 86.497 0
86.497 129.746 0
129.746 194.619 0
194.619 291.929 0
1290 1300
0.01 0.017 1
0.017 0.026 1
0.026 0.039 0
0.039 0.058 0
0.058 0.087 0
0.087 0.131 0
0.131 0.197 0
0.197 0.296 0
0.296 0.444 0
0.444 0.666 0
0.666 1.000 0
1.000 1.500 0
1.500 2.250 0
2.250 3.375 0
3.375 5.062 1
5.062 7.593 1
7.593 11.390 0
11.390 17.085 0
17.085 25.628 0
25.628 38.443 0
38.443 57.665 0
57.665 86.497 0
86.497 129.746 0
129.746 194.619 0
194.619 291.929 0
1300 1310
0.01 0.017 8
0.017 0.026 8
0.026 0.039 3
0.039 0.058 0
0.058 0.087 0
0.087 0.131 1
0.131 0.197 2
0.197 0.296 4
0.296 0.444 0
0.444 0.666 0
0.666 1.000 0
1.000 1.500 0
1.500 2.250 1
2.250 3.375 1
3.375 5.062 0
5.062 7.593 0
7.593 11.390 0
11.390 17.085 0
17.085 25.628 0
25.628 38.443 0
38.443 57.665 0
57.665 86.497 0
86.497 129.746 0
129.746 194.619 0
194.619 291.929 0
1310 1320
0.01 0.017 1
0.017 0.026 1
0.026 0.039 1
0.039 0.058 0
0.058 0.087 0
0.087 0.131 0
0.131 0.197 0
0.197 0.296 1
0.296 0.444 0
0.444 0.666 0
0.666 1.000 0
1.000 1.500 0
1.500 2.250 0
2.250 3.375 1
3.375 5.062 0
5.062 7.593 0
7.593 11.390 0
11.390 17.085 0
17.085 25.628 0
25.628 38.443 0
38.443 57.665 0
57.665 86.497 0
86.497 129.746 0
129.746 194.619 0
194.619 291.929 0
1320 1330
0.01 0.017 2
0.017 0.026 2
0.026 0.039 0
0.039 0.058 0
0.058 0.087 0
0.087 0.131 0
0.131 0.197 3
0.197 0.296 0
0.296 0.444 0
0.444 0.666 0
0.666 1.000 1
1.000 1.500 0
1.500 2.250 2
2.250 3.375 0
3.375 5.062 2
5.062 7.593 0
7.593 11.390 0
11.390 17.085 0
17.085 25.628 0
25.628 38.443 0
38.443 57.665 0
57.665 86.497 0
86.497 129.746 0
129.746 194.619 0
194.619 291.929 0
1330 1340
0.01 0.017 7
0.017 0.026 7
0.026 0.039 6
0.039 0.058 0
0.058 0.087 2
0.087 0.131 0
0.131 0.197 0
0.197 0.296 0
0.296 0.444 2
0.444 0.666 0
0.666 1.000 0
1.000 1.500 0
1.500 2.250 0
2.250 3.375 2
3.375 5.062 2
5.062 7.593 0
7.593 11.390 0
11.390 17.085 0
17.085 25.628 0
25.628 38.443 0
38.443 57.665 0
57.665 86.497 0
86.497 129.746 0
129.746 194.619 0
194.619 291.929 0
1340 1350
0.01 0.017 0
0.017 0.026 0
0.026 0.039 1
0.039 0.058 0
0.058 0.087 1
0.087 0.131 0
0.131 0.197 0
0.197 0.296 0
0.296 0.444 1
0.444 0.666 1
0.666 1.000 0
1.000 1.500 0
1.500 2.250 0
2.250 3.375 0
3.375 5.062 0
5.062 7.593 1
7.593 11.390 0
11.390 17.085 0
17.085 25.628 0
25.628 38.443 0
38.443 57.665 0
57.665 86.497 0
86.497 129.746 0
129.746 194.619 0
194.619 291.929 0
1350 1360
0.01 0.017 0
0.017 0.026 0
0.026 0.039 0
0.039 0.058 5
0.058 0.087 1
0.087 0.131 0
0.131 0.197 0
0.197 0.296 0
0.296 0.444 0
0.444 0.666 0
0.666 1.000 0
1.000 1.500 2
1.500 2.250 1
2.250 3.375 0
3.375 5.062 2
5.062 7.593 0
7.593 11.390 0
11.390 17.085 0
17.085 25.628 0
25.628 38.443 0
38.443 57.665 0
57.665 86.497 0
86.497 129.746 0
129.746 194.619 0
194.619 291.929 0
1360 1370
0.01 0.017 5
0.017 0.026 5
0.026 0.039 6
0.039 0.058 2
0.058 0.087 0
0.087 0.131 1
0.131 0.197 3
0.197 0.296 0
0.296 0.444 0
0.444 0.666 0
0.666 1.000 0
1.000 1.500 0
1.500 2.250 0
2.250 3.375 3
3.375 5.062 1
5.062 7.593 0
7.593 11.390 0
11.390 17.085 0
17.085 25.628 0
25.628 38.443 0
38.443 57.665 0
57.665 86.497 0
86.497 129.746 0
129.746 194.619 0
194.619 291.929 0
1370 1380
0.01 0.017 1
0.017 0.026 1
0.026 0.039 2
0.039 0.058 1
0.058 0.087 0
0.087 0.131 0
0.131 0.197 0
0.197 0.296 0
0.296 0.444 4
0.444 0.666 0
0.666 1.000 0
1.000 1.500 0
1.500 2.250 0
2.250 3.375 1
3.375 5.062 0
5.062 7.593 0
7.593 11.390 0
11.390 17.085 0
17.085 25.628 0
25.628 38.443 0
38.443 57.665 0
57.665 86.497 0
86.497 129.746 0
129.746 194.619 0
194.619 291.929 0
1380 1390
0.01 0.017 3
0.017 0.026 3
0.026 0.039 1
0.039 0.058 0
0.058 0.087 0
0.087 0.131 0
0.131 0.197 0
0.197 0.296 0
0.296 0.444 1
0.444 0.666 0
0.666 1.000 0
1.000 1.500 0
1.500 2.250 0
2.250 3.375 0
3.375 5.062 0
5.062 7.593 0
7.593 11.390 0
11.390 17.085 0
17.085 25.628 0
25.628 38.443 0
38.443 57.665 0
57.665 86.497 0
86.497 129.746 0
129.746 194.619 0
194.619 291.929 0
1390 1400
0.01 0.017 2
0.017 0.026 2
0.026 0.039 3
0.039 0.058 0
0.058 0.087 0
0.087 0.131 0
0.131 0.197 0
0.197 0.296 0
0.296 0.444 0
0.444 0.666 0
0.666 1.000 1
1.000 1.500 2
1.500 2.250 0
2.250 3.375 1
3.375 5.062 0
5.062 7.593 0
7.593 11.390 0
11.390 17.085 0
17.085 25.628 0
25.628 38.443 0
38.443 57.665 0
57.665 86.497 0
86.497 129.746 0
129.746 194.619 0
194.619 291.929 0
1400 1410
0.01 0.017 8
0.017 0.026 8
0.026 0.039 0
0.039 0.058 0
0.058 0.087 0
0.087 0.131 0
0.131 0.197 0
0.197 0.296 1
0.296 0.444 1
0.444 0.666 0
0.666 1.000 0
1.000 1.500 0
1.500 2.250 1
2.250 3.375 0
3.375 5.062 0
5.062 7.593 0
7.593 11.390 0
11.390 17.085 0
17.085 25.628 0
25.628 38.443 0
38.443 57.665 0
57.665 86.497 0
86.497 129.746 0
129.746 194.619 0
194.619 291.929 0
1410 1420
0.01 0.017 9
0.017 0.026 9
0.026 0.039 2
0.039 0.058 5
0.058 0.087 0
0.087 0.131 0
0.131 0.197 0
0.197 0.296 0
0.296 0.444 0
0.444 0.666 0
0.666 1.000 0
1.000 1.500 0
1.500 2.250 1
2.250 3.375 0
3.375 5.062 0
5.062 7.593 0
7.593 11.390 0
11.390 17.085 0
17.085 25.628 0
25.628 38.443 0
38.443 57.665 0
57.665 86.497 0
86.497 129.746 0
129.746 194.619 0
194.619 291.929 0
1420 1430
0.01 0.017 1
0.017 0.026 1
0.026 0.039 0
0.039 0.058 8
0.058 0.087 1
0.087 0.131 0
0.131 0.197 1
0.197 0.296 0
0.296 0.444 0
0.444 0.666 0
0.666 1.000 0
1.000 1.500 0
1.500 2.250 0
2.250 3.375 0
3.375 5.062 0
5.062 7.593 0
7.593 11.390 0
11.390 17.085 0
17.085 25.628 0
25.628 38.443 0
38.443 57.665 0
57.665 86.497 0
86.497 129.746 0
129.746 194.619 0
194.619 291.929 0
1430 1440
0.01 0.017 2
0.017 0.026 2
0.026 0.039 3
0.039 0.058 4
0.058 0.087 0
0.087 0.131 0
0.131 0.197 0
0.197 0.296 0
0.296 0.444 1
0.444 0.666 1
0.666 1.000 0
1.000 1.500 2
1.500 2.250 0
2.250 3.375 0
3.375 5.062 0
5.062 7.593 0
7.593 11.390 1
11.390 17.085 0
17.085 25.628 0
25.628 38.443 0
38.443 57.665 0
57.665 86.497 0
86.497 129.746 0
129.746 194.619 0
194.619 291.929 0
