0 10
0.1 1.0 0
1.0 1.5 0
1.5 2.2 0
2.2 3.3 0
3.3 5.0 0
5.0 7.5 0
7.5 11.3 0
11.3 17.0 0
17.0 25.6 0
25.6 38.4 0
38.4 57.6 0
57.6 86.4 0
86.4 129.7 0
129.7 194.6 0
194.6 291.9 0
291.9 437.8 0
437.8 656.8 0
656.8 985.2 0
985.2 1477.8 0
1477.8 2216.8 0
2216.8 3325.2 0
3325.2 4987.8 0
4987.8 7481.8 0
7481.8 11222.7 0
11222.7 16834.1 0
10 20
0.1 1.0 1
1.0 1.5 1
1.5 2.2 0
2.2 3.3 0
3.3 5.0 0
5.0 7.5 0
7.5 11.3 0
11.3 17.0 0
17.0 25.6 0
25.6 38.4 0
38.4 57.6 0
57.6 86.4 0
86.4 129.7 0
129.7 194.6 0
194.6 291.9 0
291.9 437.8 0
437.8 656.8 0
656.8 985.2 0
985.2 1477.8 0
1477.8 2216.8 0
2216.8 3325.2 0
3325.2 4987.8 0
4987.8 7481.8 0
7481.8 11222.7 0
11222.7 16834.1 0
20 30
0.1 1.0 0
1.0 1.5 0
1.5 2.2 0
2.2 3.3 0
3.3 5.0 0
5.0 7.5 0
7.5 11.3 0
11.3 17.0 0
17.0 25.6 0
25.6 38.4 0
38.4 57.6 0
57.6 86.4 0
86.4 129.7 0
129.7 194.6 0
194.6 291.9 0
291.9 437.8 0
437.8 656.8 0
656.8 985.2 0
985.2 1477.8 0
1477.8 2216.8 0
2216.8 3325.2 0
3325.2 4987.8 0
4987.8 7481.8 0
7481.8 11222.7 0
11222.7 16834.1 0
30 40
0.1 1.0 0
1.0 1.5 0
1.5 2.2 0
2.2 3.3 0
3.3 5.0 0
5.0 7.5 0
7.5 11.3 0
11.3 17.0 0
17.0 25.6 0
25.6 38.4 0
38.4 57.6 0
57.6 86.4 0
86.4 129.7 0
129.7 194.6 0
194.6 291.9 0
291.9 437.8 0
437.8 656.8 0
656.8 985.2 0
985.2 1477.8 0
1477.8 2216.8 0
2216.8 3325.2 0
3325.2 4987.8 0
4987.8 7481.8 0
7481.8 11222.7 0
11222.7 16834.1 0
40 50
0.1 1.0 0
1.0 1.5 0
1.5 2.2 0
2.2 3.3 0
3.3 5.0 0
5.0 7.5 0
7.5 11.3 0
11.3 17.0 0
17.0 25.6 0
25.6 38.4 0
38.4 57.6 0
57.6 86.4 0
86.4 129.7 0
129.7 194.6 0
194.6 291.9 0
291.9 437.8 0
437.8 656.8 0
656.8 985.2 0
985.2 1477.8 0
1477.8 2216.8 0
2216.8 3325.2 0
3325.2 4987.8 0
4987.8 7481.8 0
7481.8 11222.7 0
11222.7 16834.1 0
50 60
0.1 1.0 2
1.0 1.5 2
1.5 2.2 0
2.2 3.3 0
3.3 5.0 0
5.0 7.5 0
7.5 11.3 0
11.3 17.0 0
17.0 25.6 0
25.6 38.4 0
38.4 57.6 0
57.6 86.4 0
86.4 129.7 0
129.7 194.6 0
194.6 291.9 0
291.9 437.8 0
437.8 656.8 0
656.8 985.2 0
985.2 1477.8 0
1477.8 2216.8 0
2216.8 3325.2 0
3325.2 4987.8 0
4987.8 7481.8 0
7481.8 11222.7 0
11222.7 16834.1 0
60 70
0.1 1.0 0
1.0 1.5 0
1.5 2.2 0
2.2 3.3 0
3.3 5.0 0
5.0 7.5 0
7.5 11.3 0
11.3 17.0 0
17.0 25.6 0
25.6 38.4 0
38.4 57.6 0
57.6 86.4 0
86.4 129.7 0
129.7 194.6 0
194.6 291.9 0
291.9 437.8 0
437.8 656.8 0
656.8 985.2 0
985.2 1477.8 0
1477.8 2216.8 0
2216.8 3325.2 0
3325.2 4987.8 0
4987.8 7481.8 0
7481.8 11222.7 0
11222.7 16834.1 0
70 80
0.1 1.0 1
1.0 1.5 1
1.5 2.2 1
2.2 3.3 0
3.3 5.0 0
5.0 7.5 0
7.5 11.3 0
11.3 17.0 0
17.0 25.6 0
25.6 38.4 0
38.4 57.6 0
57.6 86.4 0
86.4 129.7 0
129.7 194.6 0
194.6 291.9 0
291.9 437.8 0
437.8 656.8 0
656.8 985.2 0
985.2 1477.8 0
1477.8 2216.8 0
2216.8 3325.2 0
3325.2 4987.8 0
4987.8 7481.8 0
7481.8 11222.7 0
11222.7 16834.1 0
80 90
0.1 1.0 0
1.0 1.5 0
1.5 2.2 0
2.2 3.3 0
3.3 5.0 1
5.0 7.5 0
7.5 11.3 0
11.3 17.0 0
17.0 25.6 0
25.6 38.4 0
38.4 57.6 0
57.6 86.4 0
86.4 129.7 0
129.7 194.6 0
194.6 291.9 0
291.9 437.8 0
437.8 656.8 0
656.8 985.2 0
985.2 1477.8 0
1477.8 2216.8 0
2216.8 3325.2 0
3325.2 4987.8 0
4987.8 7481.8 0
7481.8 11222.7 0
11222.7 16834.1 0
90 100
0.1 1.0 1
1.0 1.5 1
1.5 2.2 0
2.2 3.3 0
3.3 5.0 0
5.0 7.5 0
7.5 11.3 0
11.3 17.0 0
17.0 25.6 0
25.6 38.4 0
38.4 57.6 0
57.6 86.4 0
86.4 129.7 0
129.7 194.6 0
194.6 291.9 0
291.9 437.8 0
437.8 656.8 0
656.8 985.2 0
985.2 1477.8 0
1477.8 2216.8 0
2216.8 3325.2 0
3325.2 4987.8 0
4987.8 7481.8 0
7481.8 11222.7 0
11222.7 16834.1 0
100 110
0.1 1.0 2
1.0 1.5 2
1.5 2.2 0
2.2 3.3 0
3.3 5.0 1
5.0 7.5 1
7.5 11.3 0
11.3 17.0 1
17.0 25.6 0
25.6 38.4 0
38.4 57.6 0
57.6 86.4 0
86.4 129.7 0
129.7 194.6 2
194.6 291.9 0
291.9 437.8 0
437.8 656.8 0
656.8 985.2 0
985.2 1477.8 0
1477.8 2216.8 0
2216.8 3325.2 0
3325.2 4987.8 0
4987.8 7481.8 0
7481.8 11222.7 0
11222.7 16834.1 0
110 120
0.1 1.0 1
1.0 1.5 1
1.5 2.2 0
2.2 3.3 0
3.3 5.0 0
5.0 7.5 0
7.5 11.3 0
11.3 17.0 0
17.0 25.6 0
25.6 38.4 0
38.4 57.6 0
57.6 86.4 0
86.4 129.7 0
129.7 194.6 0
194.6 291.9 0
291.9 437.8 0
437.8 656.8 0
656.8 985.2 0
985.2 1477.8 0
1477.8 2216.8 0
2216.8 3325.2 0
3325.2 4987.8 0
4987.8 7481.8 0
7481.8 11222.7 0
11222.7 16834.1 0
120 130
0.1 1.0 1
1.0 1.5 1
1.5 2.2 0
2.2 3.3 0
3.3 5.0 0
5.0 7.5 0
7.5 11.3 0
11.3 17.0 0
17.0 25.6 0
25.6 38.4 0
38.4 57.6 0
57.6 86.4 0
86.4 129.7 0
129.7 194.6 0
194.6 291.9 0
291.9 437.8 0
437.8 656.8 0
656.8 985.2 0
985.2 1477.8 0
1477.8 2216.8 0
2216.8 3325.2 0
3325.2 4987.8 0
4987.8 7481.8 0
7481.8 11222.7 0
11222.7 16834.1 0
130 140
0.1 1.0 1
1.0 1.5 1
1.5 2.2 0
2.2 3.3 0
3.3 5.0 0
5.0 7.5 0
7.5 11.3 0
11.3 17.0 0
17.0 25.6 0
25.6 38.4 0
38.4 57.6 0
57.6 86.4 0
86.4 129.7 0
129.7 194.6 0
194.6 291.9 0
291.9 437.8 0
437.8 656.8 0
656.8 985.2 0
985.2 1477.8 0
1477.8 2216.8 0
2216.8 3325.2 0
3325.2 4987.8 0
4987.8 7481.8 0
7481.8 11222.7 0
11222.7 16834.1 0
140 150
0.1 1.0 1
1.0 1.5 1
1.5 2.2 1
2.2 3.3 0
3.3 5.0 0
5.0 7.5 0
7.5 11.3 0
11.3 17.0 0
17.0 25.6 0
25.6 38.4 0
38.4 57.6 0
57.6 86.4 0
86.4 129.7 0
129.7 194.6 0
194.6 291.9 0
291.9 437.8 0
437.8 656.8 0
656.8 985.2 0
985.2 1477.8 0
1477.8 2216.8 0
2216.8 3325.2 0
3325.2 4987.8 0
4987.8 7481.8 0
7481.8 11222.7 0
11222.7 16834.1 0
150 160
0.1 1.0 1
1.0 1.5 1
1.5 2.2 0
2.2 3.3 0
3.3 5.0 0
5.0 7.5 0
7.5 11.3 0
11.3 17.0 0
17.0 25.6 0
25.6 38.4 0
38.4 57.6 0
57.6 86.4 0
86.4 129.7 0
129.7 194.6 0
194.6 291.9 0
291.9 437.8 0
437.8 656.8 0
656.8 985.2 0
985.2 1477.8 0
1477.8 2216.8 0
2216.8 3325.2 0
3325.2 4987.8 0
4987.8 7481.8 0
7481.8 11222.7 0
11222.7 16834.1 0
160 170
0.1 1.0 0
1.0 1.5 0
1.5 2.2 0
2.2 3.3 0
3.3 5.0 0
5.0 7.5 0
7.5 11.3 0
11.3 17.0 0
17.0 25.6 0
25.6 38.4 0
38.4 57.6 0
57.6 86.4 0
86.4 129.7 0
129.7 194.6 0
194.6 291.9 0
291.9 437.8 0
437.8 656.8 0
656.8 985.2 0
985.2 1477.8 0
1477.8 2216.8 0
2216.8 3325.2 0
3325.2 4987.8 0
4987.8 7481.8 0
7481.8 11222.7 0
11222.7 16834.1 0
170 180
0.1 1.0 1
1.0 1.5 1
1.5 2.2 0
2.2 3.3 0
3.3 5.0 0
5.0 7.5 0
7.5 11.3 0
11.3 17.0 0
17.0 25.6 0
25.6 38.4 0
38.4 57.6 0
57.6 86.4 0
86.4 129.7 0
129.7 194.6 0
194.6 291.9 0
291.9 437.8 0
437.8 656.8 0
656.8 985.2 0
985.2 1477.8 0
1477.8 2216.8 0
2216.8 3325.2 0
3325.2 4987.8 0
4987.8 7481.8 0
7481.8 11222.7 0
11222.7 16834.1 0
180 190
0.1 1.0 2
1.0 1.5 2
1.5 2.2 0
2.2 3.3 0
3.3 5.0 0
5.0 7.5 0
7.5 11.3 0
11.3 17.0 0
17.0 25.6 0
25.6 38.4 0
38.4 57.6 0
57.6 86.4 0
86.4 129.7 0
129.7 194.6 0
194.6 291.9 0
291.9 437.8 0
437.8 656.8 0
656.8 985.2 0
985.2 1477.8 0
1477.8 2216.8 0
2216.8 3325.2 0
3325.2 4987.8 0
4987.8 7481.8 0
7481.8 11222.7 0
11222.7 16834.1 0
190 200
0.1 1.0 0
1.0 1.5 0
1.5 2.2 0
2.2 3.3 0
3.3 5.0 0
5.0 7.5 0
7.5 11.3 0
11.3 17.0 0
17.0 25.6 0
25.6 38.4 0
38.4 57.6 0
57.6 86.4 0
86.4 129.7 0
129.7 194.6 0
194.6 291.9 0
291.9 437.8 0
437.8 656.8 0
656.8 985.2 0
985.2 1477.8 0
1477.8 2216.8 0
2216.8 3325.2 0
3325.2 4987.8 0
4987.8 7481.8 0
7481.8 11222.7 0
11222.7 16834.1 0
200 210
0.1 1.0 1
1.0 1.5 1
1.5 2.2 0
2.2 3.3 0
3.3 5.0 0
5.0 7.5 0
7.5 11.3 0
11.3 17.0 0
17.0 25.6 0
25.6 38.4 0
38.4 57.6 0
57.6 86.4 0
86.4 129.7 0
129.7 194.6 0
194.6 291.9 0
291.9 437.8 0
437.8 656.8 0
656.8 985.2 0
985.2 1477.8 0
1477.8 2216.8 0
2216.8 3325.2 0
3325.2 4987.8 0
4987.8 7481.8 0
7481.8 11222.7 0
11222.7 16834.1 0
210 220
0.1 1.0 0
1.0 1.5 0
1.5 2.2 0
2.2 3.3 0
3.3 5.0 0
5.0 7.5 0
7.5 11.3 0
11.3 17.0 0
17.0 25.6 0
25.6 38.4 0
38.4 57.6 0
57.6 86.4 0
86.4 129.7 0
129.7 194.6 0
194.6 291.9 0
291.9 437.8 0
437.8 656.8 0
656.8 985.2 0
985.2 1477.8 0
1477.8 2216.8 0
2216.8 3325.2 0
3325.2 4987.8 0
4987.8 7481.8 0
7481.8 11222.7 0
11222.7 16834.1 0
220 230
0.1 1.0 1
1.0 1.5 1
1.5 2.2 0
2.2 3.3 0
3.3 5.0 0
5.0 7.5 0
7.5 11.3 0
11.3 17.0 0
17.0 25.6 0
25.6 38.4 0
38.4 57.6 0
57.6 86.4 0
86.4 129.7 0
129.7 194.6 0
194.6 291.9 0
291.9 437.8 0
437.8 656.8 0
656.8 985.2 0
985.2 1477.8 0
1477.8 2216.8 0
2216.8 3325.2 0
3325.2 4987.8 0
4987.8 7481.8 0
7481.8 11222.7 0
11222.7 16834.1 0
230 240
0.1 1.0 4
1.0 1.5 4
1.5 2.2 0
2.2 3.3 0
3.3 5.0 0
5.0 7.5 0
7.5 11.3 0
11.3 17.0 0
17.0 25.6 0
25.6 38.4 0
38.4 57.6 0
57.6 86.4 0
86.4 129.7 0
129.7 194.6 0
194.6 291.9 0
291.9 437.8 0
437.8 656.8 0
656.8 985.2 0
985.2 1477.8 0
1477.8 2216.8 0
2216.8 3325.2 0
3325.2 4987.8 0
4987.8 7481.8 0
7481.8 11222.7 0
11222.7 16834.1 0
240 250
0.1 1.0 1
1.0 1.5 1
1.5 2.2 0
2.2 3.3 0
3.3 5.0 0
5.0 7.5 0
7.5 11.3 0
11.3 17.0 0
17.0 25.6 0
25.6 38.4 0
38.4 57.6 0
57.6 86.4 0
86.4 129.7 0
129.7 194.6 0
194.6 291.9 0
291.9 437.8 0
437.8 656.8 0
656.8 985.2 0
985.2 1477.8 0
1477.8 2216.8 0
2216.8 3325.2 0
3325.2 4987.8 0
4987.8 7481.8 0
7481.8 11222.7 0
11222.7 16834.1 0
250 260
0.1 1.0 0
1.0 1.5 0
1.5 2.2 0
2.2 3.3 0
3.3 5.0 0
5.0 7.5 0
7.5 11.3 0
11.3 17.0 0
17.0 25.6 0
25.6 38.4 0
38.4 57.6 0
57.6 86.4 0
86.4 129.7 0
129.7 194.6 0
194.6 291.9 0
291.9 437.8 0
437.8 656.8 0
656.8 985.2 0
985.2 1477.8 0
1477.8 2216.8 0
2216.8 3325.2 0
3325.2 4987.8 0
4987.8 7481.8 0
7481.8 11222.7 0
11222.7 16834.1 0
260 270
0.1 1.0 6
1.0 1.5 6
1.5 2.2 0
2.2 3.3 0
3.3 5.0 0
5.0 7.5 0
7.5 11.3 0
11.3 17.0 0
17.0 25.6 0
25.6 38.4 0
38.4 57.6 0
57.6 86.4 0
86.4 129.7 0
129.7 194.6 0
194.6 291.9 0
291.9 437.8 0
437.8 656.8 0
656.8 985.2 0
985.2 1477.8 0
1477.8 2216.8 0
2216.8 3325.2 0
3325.2 4987.8 0
4987.8 7481.8 0
7481.8 11222.7 0
11222.7 16834.1 0
270 280
0.1 1.0 2
1.0 1.5 2
1.5 2.2 0
2.2 3.3 0
3.3 5.0 0
5.0 7.5 0
7.5 11.3 0
11.3 17.0 0
17.0 25.6 0
25.6 38.4 0
38.4 57.6 0
57.6 86.4 0
86.4 129.7 0
129.7 194.6 0
194.6 291.9 0
291.9 437.8 0
437.8 656.8 0
656.8 985.2 0
985.2 1477.8 0
1477.8 2216.8 0
2216.8 3325.2 0
3325.2 4987.8 0
4987.8 7481.8 0
7481.8 11222.7 0
11222.7 16834.1 0
280 290
0.1 1.0 2
1.0 1.5 2
1.5 2.2 0
2.2 3.3 0
3.3 5.0 0
5.0 7.5 0
7.5 11.3 0
11.3 17.0 0
17.0 25.6 0
25.6 38.4 0
38.4 57.6 0
57.6 86.4 0
86.4 129.7 0
129.7 194.6 0
194.6 291.9 0
291.9 437.8 0
437.8 656.8 0
656.8 985.2 0
985.2 1477.8 0
1477.8 2216.8 0
2216.8 3325.2 0
3325.2 4987.8 0
4987.8 7481.8 0
7481.8 11222.7 0
11222.7 16834.1 0
290 300
0.1 1.0 2
1.0 1.5 2
1.5 2.2 0
2.2 3.3 0
3.3 5.0 0
5.0 7.5 0
7.5 11.3 0
11.3 17.0 0
17.0 25.6 0
25.6 38.4 0
38.4 57.6 0
57.6 86.4 0
86.4 129.7 0
129.7 194.6 0
194.6 291.9 0
291.9 437.8 0
437.8 656.8 0
656.8 985.2 0
985.2 1477.8 0
1477.8 2216.8 0
2216.8 3325.2 0
3325.2 4987.8 0
4987.8 7481.8 0
7481.8 11222.7 0
11222.7 16834.1 0
300 310
0.1 1.0 2
1.0 1.5 2
1.5 2.2 0
2.2 3.3 0
3.3 5.0 0
5.0 7.5 0
7.5 11.3 0
11.3 17.0 0
17.0 25.6 0
25.6 38.4 0
38.4 57.6 0
57.6 86.4 0
86.4 129.7 0
129.7 194.6 0
194.6 291.9 0
291.9 437.8 0
437.8 656.8 0
656.8 985.2 0
985.2 1477.8 0
1477.8 2216.8 0
2216.8 3325.2 0
3325.2 4987.8 0
4987.8 7481.8 0
7481.8 11222.7 0
11222.7 16834.1 0
310 320
0.1 1.0 1
1.0 1.5 1
1.5 2.2 0
2.2 3.3 0
3.3 5.0 0
5.0 7.5 0
7.5 11.3 0
11.3 17.0 0
17.0 25.6 0
25.6 38.4 0
38.4 57.6 0
57.6 86.4 0
86.4 129.7 0
129.7 194.6 0
194.6 291.9 0
291.9 437.8 0
437.8 656.8 0
656.8 985.2 0
985.2 1477.8 0
1477.8 2216.8 0
2216.8 3325.2 0
3325.2 4987.8 0
4987.8 7481.8 0
7481.8 11222.7 0
11222.7 16834.1 0
320 330
0.1 1.0 1
1.0 1.5 1
1.5 2.2 0
2.2 3.3 2
3.3 5.0 2
5.0 7.5 0
7.5 11.3 0
11.3 17.0 0
17.0 25.6 0
25.6 38.4 0
38.4 57.6 0
57.6 86.4 0
86.4 129.7 0
129.7 194.6 0
194.6 291.9 0
291.9 437.8 0
437.8 656.8 0
656.8 985.2 0
985.2 1477.8 0
1477.8 2216.8 0
2216.8 3325.2 0
3325.2 4987.8 0
4987.8 7481.8 0
7481.8 11222.7 0
11222.7 16834.1 0
330 340
0.1 1.0 1
1.0 1.5 1
1.5 2.2 0
2.2 3.3 2
3.3 5.0 3
5.0 7.5 0
7.5 11.3 0
11.3 17.0 0
17.0 25.6 0
25.6 38.4 0
38.4 57.6 0
57.6 86.4 0
86.4 129.7 0
129.7 194.6 0
194.6 291.9 0
291.9 437.8 0
437.8 656.8 0
656.8 985.2 0
985.2 1477.8 0
1477.8 2216.8 0
2216.8 3325.2 0
3325.2 4987.8 0
4987.8 7481.8 0
7481.8 11222.7 0
11222.7 16834.1 0
340 350
0.1 1.0 1
1.0 1.5 1
1.5 2.2 0
2.2 3.3 0
3.3 5.0 0
5.0 7.5 0
7.5 11.3 0
11.3 17.0 0
17.0 25.6 0
25.6 38.4 0
38.4 57.6 0
57.6 86.4 0
86.4 129.7 0
129.7 194.6 0
194.6 291.9 0
291.9 437.8 0
437.8 656.8 0
656.8 985.2 0
985.2 1477.8 0
1477.8 2216.8 0
2216.8 3325.2 0
3325.2 4987.8 0
4987.8 7481.8 0
7481.8 11222.7 0
11222.7 16834.1 0
350 360
0.1 1.0 1
1.0 1.5 1
1.5 2.2 0
2.2 3.3 0
3.3 5.0 0
5.0 7.5 0
7.5 11.3 0
11.3 17.0 0
17.0 25.6 0
25.6 38.4 0
38.4 57.6 0
57.6 86.4 0
86.4 129.7 0
129.7 194.6 0
194.6 291.9 0
291.9 437.8 0
437.8 656.8 0
656.8 985.2 0
985.2 1477.8 0
1477.8 2216.8 0
2216.8 3325.2 0
3325.2 4987.8 0
4987.8 7481.8 0
7481.8 11222.7 0
11222.7 16834.1 0
360 370
0.1 1.0 1
1.0 1.5 1
1.5 2.2 0
2.2 3.3 0
3.3 5.0 0
5.0 7.5 0
7.5 11.3 0
11.3 17.0 0
17.0 25.6 0
25.6 38.4 0
38.4 57.6 0
57.6 86.4 0
86.4 129.7 0
129.7 194.6 0
194.6 291.9 0
291.9 437.8 0
437.8 656.8 0
656.8 985.2 0
985.2 1477.8 0
1477.8 2216.8 0
2216.8 3325.2 0
3325.2 4987.8 0
4987.8 7481.8 0
7481.8 11222.7 0
11222.7 16834.1 0
370 380
0.1 1.0 1
1.0 1.5 1
1.5 2.2 0
2.2 3.3 0
3.3 5.0 0
5.0 7.5 0
7.5 11.3 0
11.3 17.0 0
17.0 25.6 0
25.6 38.4 0
38.4 57.6 0
57.6 86.4 0
86.4 129.7 0
129.7 194.6 0
194.6 291.9 0
291.9 437.8 0
437.8 656.8 0
656.8 985.2 0
985.2 1477.8 0
1477.8 2216.8 0
2216.8 3325.2 0
3325.2 4987.8 0
4987.8 7481.8 0
7481.8 11222.7 0
11222.7 16834.1 0
380 390
0.1 1.0 1
1.0 1.5 1
1.5 2.2 0
2.2 3.3 0
3.3 5.0 0
5.0 7.5 0
7.5 11.3 0
11.3 17.0 0
17.0 25.6 0
25.6 38.4 0
38.4 57.6 0
57.6 86.4 0
86.4 129.7 0
129.7 194.6 0
194.6 291.9 0
291.9 437.8 0
437.8 656.8 0
656.8 985.2 0
985.2 1477.8 0
1477.8 2216.8 0
2216.8 3325.2 0
3325.2 4987.8 0
4987.8 7481.8 0
7481.8 11222.7 0
11222.7 16834.1 0
390 400
0.1 1.0 2
1.0 1.5 2
1.5 2.2 0
2.2 3.3 0
3.3 5.0 0
5.0 7.5 0
7.5 11.3 0
11.3 17.0 0
17.0 25.6 0
25.6 38.4 0
38.4 57.6 0
57.6 86.4 0
86.4 129.7 0
129.7 194.6 0
194.6 291.9 0
291.9 437.8 0
437.8 656.8 0
656.8 985.2 0
985.2 1477.8 0
1477.8 2216.8 0
2216.8 3325.2 0
3325.2 4987.8 0
4987.8 7481.8 0
7481.8 11222.7 0
11222.7 16834.1 0
400 410
0.1 1.0 0
1.0 1.5 0
1.5 2.2 0
2.2 3.3 0
3.3 5.0 0
5.0 7.5 0
7.5 11.3 0
11.3 17.0 0
17.0 25.6 0
25.6 38.4 0
38.4 57.6 0
57.6 86.4 0
86.4 129.7 0
129.7 194.6 0
194.6 291.9 0
291.9 437.8 0
437.8 656.8 0
656.8 985.2 0
985.2 1477.8 0
1477.8 2216.8 0
2216.8 3325.2 0
3325.2 4987.8 0
4987.8 7481.8 0
7481.8 11222.7 0
11222.7 16834.1 0
410 420
0.1 1.0 0
1.0 1.5 0
1.5 2.2 0
2.2 3.3 0
3.3 5.0 0
5.0 7.5 0
7.5 11.3 0
11.3 17.0 0
17.0 25.6 0
25.6 38.4 0
38.4 57.6 0
57.6 86.4 0
86.4 129.7 0
129.7 194.6 0
194.6 291.9 0
291.9 437.8 0
437.8 656.8 0
656.8 985.2 0
985.2 1477.8 0
1477.8 2216.8 0
2216.8 3325.2 0
3325.2 4987.8 0
4987.8 7481.8 0
7481.8 11222.7 0
11222.7 16834.1 0
420 430
0.1 1.0 0
1.0 1.5 0
1.5 2.2 0
2.2 3.3 0
3.3 5.0 0
5.0 7.5 0
7.5 11.3 0
11.3 17.0 0
17.0 25.6 0
25.6 38.4 0
38.4 57.6 0
57.6 86.4 0
86.4 129.7 0
129.7 194.6 0
194.6 291.9 0
291.9 437.8 0
437.8 656.8 0
656.8 985.2 0
985.2 1477.8 0
1477.8 2216.8 0
2216.8 3325.2 0
3325.2 4987.8 0
4987.8 7481.8 0
7481.8 11222.7 0
11222.7 16834.1 0
430 440
0.1 1.0 0
1.0 1.5 0
1.5 2.2 0
2.2 3.3 0
3.3 5.0 0
5.0 7.5 0
7.5 11.3 0
11.3 17.0 0
17.0 25.6 0
25.6 38.4 0
38.4 57.6 0
57.6 86.4 1
86.4 129.7 0
129.7 194.6 0
194.6 291.9 0
291.9 437.8 0
437.8 656.8 0
656.8 985.2 0
985.2 1477.8 0
1477.8 2216.8 0
2216.8 3325.2 0
3325.2 4987.8 0
4987.8 7481.8 0
7481.8 11222.7 0
11222.7 16834.1 0
440 450
0.1 1.0 0
1.0 1.5 0
1.5 2.2 0
2.2 3.3 0
3.3 5.0 0
5.0 7.5 0
7.5 11.3 0
11.3 17.0 0
17.0 25.6 0
25.6 38.4 0
38.4 57.6 0
57.6 86.4 0
86.4 129.7 0
129.7 194.6 0
194.6 291.9 0
291.9 437.8 0
437.8 656.8 0
656.8 985.2 0
985.2 1477.8 0
1477.8 2216.8 0
2216.8 3325.2 0
3325.2 4987.8 0
4987.8 7481.8 0
7481.8 11222.7 0
11222.7 16834.1 0
450 460
0.1 1.0 1
1.0 1.5 1
1.5 2.2 0
2.2 3.3 0
3.3 5.0 0
5.0 7.5 0
7.5 11.3 0
11.3 17.0 0
17.0 25.6 0
25.6 38.4 0
38.4 57.6 0
57.6 86.4 0
86.4 129.7 0
129.7 194.6 0
194.6 291.9 0
291.9 437.8 0
437.8 656.8 0
656.8 985.2 0
985.2 1477.8 0
1477.8 2216.8 0
2216.8 3325.2 0
3325.2 4987.8 0
4987.8 7481.8 0
7481.8 11222.7 0
11222.7 16834.1 0
460 470
0.1 1.0 0
1.0 1.5 0
1.5 2.2 0
2.2 3.3 0
3.3 5.0 0
5.0 7.5 0
7.5 11.3 0
11.3 17.0 0
17.0 25.6 0
25.6 38.4 0
38.4 57.6 0
57.6 86.4 0
86.4 129.7 0
129.7 194.6 0
194.6 291.9 0
291.9 437.8 0
437.8 656.8 0
656.8 985.2 0
985.2 1477.8 0
1477.8 2216.8 0
2216.8 3325.2 0
3325.2 4987.8 0
4987.8 7481.8 0
7481.8 11222.7 0
11222.7 16834.1 0
470 480
0.1 1.0 0
1.0 1.5 0
1.5 2.2 0
2.2 3.3 0
3.3 5.0 0
5.0 7.5 0
7.5 11.3 0
11.3 17.0 0
17.0 25.6 0
25.6 38.4 0
38.4 57.6 0
57.6 86.4 0
86.4 129.7 0
129.7 194.6 0
194.6 291.9 0
291.9 437.8 0
437.8 656.8 0
656.8 985.2 0
985.2 1477.8 0
1477.8 2216.8 0
2216.8 3325.2 0
3325.2 4987.8 0
4987.8 7481.8 0
7481.8 11222.7 0
11222.7 16834.1 0
480 490
0.1 1.0 1
1.0 1.5 1
1.5 2.2 0
2.2 3.3 0
3.3 5.0 0
5.0 7.5 0
7.5 11.3 0
11.3 17.0 0
17.0 25.6 0
25.6 38.4 0
38.4 57.6 0
57.6 86.4 0
86.4 129.7 0
129.7 194.6 0
194.6 291.9 0
291.9 437.8 0
437.8 656.8 0
656.8 985.2 0
985.2 1477.8 0
1477.8 2216.8 0
2216.8 3325.2 0
3325.2 4987.8 0
4987.8 7481.8 0
7481.8 11222.7 0
11222.7 16834.1 0
490 500
0.1 1.0 0
1.0 1.5 0
1.5 2.2 0
2.2 3.3 0
3.3 5.0 0
5.0 7.5 0
7.5 11.3 0
11.3 17.0 0
17.0 25.6 0
25.6 38.4 0
38.4 57.6 0
57.6 86.4 0
86.4 129.7 0
129.7 194.6 0
194.6 291.9 0
291.9 437.8 0
437.8 656.8 0
656.8 985.2 0
985.2 1477.8 0
1477.8 2216.8 0
2216.8 3325.2 0
3325.2 4987.8 0
4987.8 7481.8 0
7481.8 11222.7 0
11222.7 16834.1 0
500 510
0.1 1.0 0
1.0 1.5 0
1.5 2.2 0
2.2 3.3 0
3.3 5.0 0
5.0 7.5 0
7.5 11.3 0
11.3 17.0 0
17.0 25.6 0
25.6 38.4 0
38.4 57.6 0
57.6 86.4 0
86.4 129.7 0
129.7 194.6 0
194.6 291.9 0
291.9 437.8 0
437.8 656.8 0
656.8 985.2 0
985.2 1477.8 0
1477.8 2216.8 0
2216.8 3325.2 0
3325.2 4987.8 0
4987.8 7481.8 0
7481.8 11222.7 0
11222.7 16834.1 0
510 520
0.1 1.0 0
1.0 1.5 0
1.5 2.2 0
2.2 3.3 0
3.3 5.0 0
5.0 7.5 0
7.5 11.3 0
11.3 17.0 0
17.0 25.6 0
25.6 38.4 0
38.4 57.6 0
57.6 86.4 0
86.4 129.7 0
129.7 194.6 0
194.6 291.9 0
291.9 437.8 0
437.8 656.8 0
656.8 985.2 0
985.2 1477.8 0
1477.8 2216.8 0
2216.8 3325.2 0
3325.2 4987.8 0
4987.8 7481.8 0
7481.8 11222.7 0
11222.7 16834.1 0
520 530
0.1 1.0 0
1.0 1.5 0
1.5 2.2 0
2.2 3.3 0
3.3 5.0 0
5.0 7.5 0
7.5 11.3 0
11.3 17.0 0
17.0 25.6 0
25.6 38.4 0
38.4 57.6 0
57.6 86.4 0
86.4 129.7 0
129.7 194.6 0
194.6 291.9 0
291.9 437.8 0
437.8 656.8 0
656.8 985.2 0
985.2 1477.8 0
1477.8 2216.8 0
2216.8 3325.2 0
3325.2 4987.8 0
4987.8 7481.8 0
7481.8 11222.7 0
11222.7 16834.1 0
530 540
0.1 1.0 0
1.0 1.5 0
1.5 2.2 0
2.2 3.3 0
3.3 5.0 0
5.0 7.5 0
7.5 11.3 0
11.3 17.0 0
17.0 25.6 0
25.6 38.4 0
38.4 57.6 0
57.6 86.4 0
86.4 129.7 0
129.7 194.6 0
194.6 291.9 0
291.9 437.8 0
437.8 656.8 0
656.8 985.2 0
985.2 1477.8 0
1477.8 2216.8 0
2216.8 3325.2 0
3325.2 4987.8 0
4987.8 7481.8 0
7481.8 11222.7 0
11222.7 16834.1 0
540 550
0.1 1.0 0
1.0 1.5 0
1.5 2.2 0
2.2 3.3 0
3.3 5.0 0
5.0 7.5 0
7.5 11.3 0
11.3 17.0 0
17.0 25.6 0
25.6 38.4 0
38.4 57.6 0
57.6 86.4 0
86.4 129.7 0
129.7 194.6 0
194.6 291.9 0
291.9 437.8 0
437.8 656.8 0
656.8 985.2 0
985.2 1477.8 0
1477.8 2216.8 0
2216.8 3325.2 0
3325.2 4987.8 0
4987.8 7481.8 0
7481.8 11222.7 0
11222.7 16834.1 0
550 560
0.1 1.0 0
1.0 1.5 0
1.5 2.2 0
2.2 3.3 0
3.3 5.0 0
5.0 7.5 0
7.5 11.3 0
11.3 17.0 0
17.0 25.6 0
25.6 38.4 0
38.4 57.6 0
57.6 86.4 0
86.4 129.7 0
129.7 194.6 0
194.6 291.9 0
291.9 437.8 0
437.8 656.8 0
656.8 985.2 0
985.2 1477.8 0
1477.8 2216.8 0
2216.8 3325.2 0
3325.2 4987.8 0
4987.8 7481.8 0
7481.8 11222.7 0
11222.7 16834.1 0
560 570
0.1 1.0 0
1.0 1.5 0
1.5 2.2 0
2.2 3.3 0
3.3 5.0 0
5.0 7.5 0
7.5 11.3 0
11.3 17.0 0
17.0 25.6 0
25.6 38.4 0
38.4 57.6 0
57.6 86.4 0
86.4 129.7 0
129.7 194.6 0
194.6 291.9 0
291.9 437.8 0
437.8 656.8 0
656.8 985.2 0
985.2 1477.8 0
1477.8 2216.8 0
2216.8 3325.2 0
3325.2 4987.8 0
4987.8 7481.8 0
7481.8 11222.7 0
11222.7 16834.1 0
570 580
0.1 1.0 0
1.0 1.5 0
1.5 2.2 0
2.2 3.3 0
3.3 5.0 0
5.0 7.5 0
7.5 11.3 0
11.3 17.0 0
17.0 25.6 0
25.6 38.4 0
38.4 57.6 0
57.6 86.4 0
86.4 129.7 0
129.7 194.6 0
194.6 291.9 0
291.9 437.8 0
437.8 656.8 0
656.8 985.2 0
985.2 1477.8 0
1477.8 2216.8 0
2216.8 3325.2 0
3325.2 4987.8 0
4987.8 7481.8 0
7481.8 11222.7 0
11222.7 16834.1 0
580 590
0.1 1.0 0
1.0 1.5 0
1.5 2.2 0
2.2 3.3 0
3.3 5.0 0
5.0 7.5 0
7.5 11.3 0
11.3 17.0 0
17.0 25.6 0
25.6 38.4 0
38.4 57.6 0
57.6 86.4 0
86.4 129.7 0
129.7 194.6 0
194.6 291.9 0
291.9 437.8 0
437.8 656.8 0
656.8 985.2 0
985.2 1477.8 0
1477.8 2216.8 0
2216.8 3325.2 0
3325.2 4987.8 0
4987.8 7481.8 0
7481.8 11222.7 0
11222.7 16834.1 0
590 600
0.1 1.0 0
1.0 1.5 0
1.5 2.2 0
2.2 3.3 0
3.3 5.0 0
5.0 7.5 0
7.5 11.3 0
11.3 17.0 0
17.0 25.6 0
25.6 38.4 0
38.4 57.6 0
57.6 86.4 0
86.4 129.7 0
129.7 194.6 0
194.6 291.9 0
291.9 437.8 0
437.8 656.8 0
656.8 985.2 0
985.2 1477.8 0
1477.8 2216.8 0
2216.8 3325.2 0
3325.2 4987.8 0
4987.8 7481.8 0
7481.8 11222.7 0
11222.7 16834.1 0
600 610
0.1 1.0 0
1.0 1.5 0
1.5 2.2 0
2.2 3.3 0
3.3 5.0 0
5.0 7.5 0
7.5 11.3 0
11.3 17.0 0
17.0 25.6 0
25.6 38.4 0
38.4 57.6 0
57.6 86.4 0
86.4 129.7 0
129.7 194.6 0
194.6 291.9 0
291.9 437.8 0
437.8 656.8 0
656.8 985.2 0
985.2 1477.8 0
1477.8 2216.8 0
2216.8 3325.2 0
3325.2 4987.8 0
4987.8 7481.8 0
7481.8 11222.7 0
11222.7 16834.1 0
610 620
0.1 1.0 0
1.0 1.5 0
1.5 2.2 0
2.2 3.3 0
3.3 5.0 0
5.0 7.5 0
7.5 11.3 0
11.3 17.0 0
17.0 25.6 0
25.6 38.4 1
38.4 57.6 0
57.6 86.4 0
86.4 129.7 0
129.7 194.6 0
194.6 291.9 0
291.9 437.8 0
437.8 656.8 0
656.8 985.2 0
985.2 1477.8 0
1477.8 2216.8 0
2216.8 3325.2 0
3325.2 4987.8 0
4987.8 7481.8 0
7481.8 11222.7 0
11222.7 16834.1 0
620 630
0.1 1.0 9
1.0 1.5 9
1.5 2.2 0
2.2 3.3 0
3.3 5.0 0
5.0 7.5 0
7.5 11.3 0
11.3 17.0 0
17.0 25.6 0
25.6 38.4 0
38.4 57.6 0
57.6 86.4 0
86.4 129.7 0
129.7 194.6 0
194.6 291.9 0
291.9 437.8 0
437.8 656.8 0
656.8 985.2 0
985.2 1477.8 0
1477.8 2216.8 0
2216.8 3325.2 0
3325.2 4987.8 0
4987.8 7481.8 0
7481.8 11222.7 0
11222.7 16834.1 0
630 640
0.1 1.0 7
1.0 1.5 7
1.5 2.2 0
2.2 3.3 0
3.3 5.0 0
5.0 7.5 0
7.5 11.3 0
11.3 17.0 0
17.0 25.6 0
25.6 38.4 0
38.4 57.6 0
57.6 86.4 0
86.4 129.7 0
129.7 194.6 0
194.6 291.9 0
291.9 437.8 0
437.8 656.8 0
656.8 985.2 0
985.2 1477.8 0
1477.8 2216.8 0
2216.8 3325.2 0
3325.2 4987.8 0
4987.8 7481.8 0
7481.8 11222.7 0
11222.7 16834.1 0
640 650
0.1 1.0 9
1.0 1.5 9
1.5 2.2 0
2.2 3.3 0
3.3 5.0 0
5.0 7.5 0
7.5 11.3 0
11.3 17.0 0
17.0 25.6 0
25.6 38.4 0
38.4 57.6 0
57.6 86.4 0
86.4 129.7 0
129.7 194.6 0
194.6 291.9 0
291.9 437.8 0
437.8 656.8 0
656.8 985.2 0
985.2 1477.8 0
1477.8 2216.8 0
2216.8 3325.2 0
3325.2 4987.8 0
4987.8 7481.8 0
7481.8 11222.7 0
11222.7 16834.1 0
650 660
0.1 1.0 3
1.0 1.5 3
1.5 2.2 0
2.2 3.3 0
3.3 5.0 0
5.0 7.5 0
7.5 11.3 0
11.3 17.0 0
17.0 25.6 0
25.6 38.4 0
38.4 57.6 0
57.6 86.4 0
86.4 129.7 0
129.7 194.6 0
194.6 291.9 0
291.9 437.8 0
437.8 656.8 0
656.8 985.2 0
985.2 1477.8 0
1477.8 2216.8 0
2216.8 3325.2 0
3325.2 4987.8 0
4987.8 7481.8 0
7481.8 11222.7 0
11222.7 16834.1 0
660 670
0.1 1.0 2
1.0 1.5 2
1.5 2.2 0
2.2 3.3 0
3.3 5.0 0
5.0 7.5 1
7.5 11.3 0
11.3 17.0 0
17.0 25.6 0
25.6 38.4 0
38.4 57.6 0
57.6 86.4 0
86.4 129.7 0
129.7 194.6 0
194.6 291.9 0
291.9 437.8 0
437.8 656.8 0
656.8 985.2 0
985.2 1477.8 0
1477.8 2216.8 0
2216.8 3325.2 0
3325.2 4987.8 0
4987.8 7481.8 0
7481.8 11222.7 0
11222.7 16834.1 0
670 680
0.1 1.0 1
1.0 1.5 1
1.5 2.2 0
2.2 3.3 0
3.3 5.0 0
5.0 7.5 0
7.5 11.3 0
11.3 17.0 0
17.0 25.6 0
25.6 38.4 1
38.4 57.6 0
57.6 86.4 0
86.4 129.7 0
129.7 194.6 0
194.6 291.9 0
291.9 437.8 0
437.8 656.8 0
656.8 985.2 0
985.2 1477.8 0
1477.8 2216.8 0
2216.8 3325.2 0
3325.2 4987.8 0
4987.8 7481.8 0
7481.8 11222.7 0
11222.7 16834.1 0
680 690
0.1 1.0 1
1.0 1.5 1
1.5 2.2 0
2.2 3.3 0
3.3 5.0 0
5.0 7.5 1
7.5 11.3 0
11.3 17.0 0
17.0 25.6 0
25.6 38.4 0
38.4 57.6 0
57.6 86.4 0
86.4 129.7 0
129.7 194.6 0
194.6 291.9 0
291.9 437.8 0
437.8 656.8 0
656.8 985.2 0
985.2 1477.8 0
1477.8 2216.8 0
2216.8 3325.2 0
3325.2 4987.8 0
4987.8 7481.8 0
7481.8 11222.7 0
11222.7 16834.1 0
690 700
0.1 1.0 1
1.0 1.5 1
1.5 2.2 0
2.2 3.3 0
3.3 5.0 0
5.0 7.5 0
7.5 11.3 0
11.3 17.0 0
17.0 25.6 0
25.6 38.4 0
38.4 57.6 0
57.6 86.4 0
86.4 129.7 0
129.7 194.6 0
194.6 291.9 0
291.9 437.8 0
437.8 656.8 0
656.8 985.2 0
985.2 1477.8 0
1477.8 2216.8 0
2216.8 3325.2 0
3325.2 4987.8 0
4987.8 7481.8 0
7481.8 11222.7 0
11222.7 16834.1 0
700 710
0.1 1.0 0
1.0 1.5 0
1.5 2.2 0
2.2 3.3 0
3.3 5.0 0
5.0 7.5 0
7.5 11.3 0
11.3 17.0 0
17.0 25.6 0
25.6 38.4 0
38.4 57.6 0
57.6 86.4 0
86.4 129.7 0
129.7 194.6 0
194.6 291.9 0
291.9 437.8 0
437.8 656.8 0
656.8 985.2 0
985.2 1477.8 0
1477.8 2216.8 0
2216.8 3325.2 0
3325.2 4987.8 0
4987.8 7481.8 0
7481.8 11222.7 0
11222.7 16834.1 0
710 720
0.1 1.0 3
1.0 1.5 3
1.5 2.2 0
2.2 3.3 0
3.3 5.0 0
5.0 7.5 0
7.5 11.3 0
11.3 17.0 0
17.0 25.6 0
25.6 38.4 0
38.4 57.6 0
57.6 86.4 0
86.4 129.7 0
129.7 194.6 0
194.6 291.9 0
291.9 437.8 0
437.8 656.8 0
656.8 985.2 0
985.2 1477.8 0
1477.8 2216.8 0
2216.8 3325.2 0
3325.2 4987.8 0
4987.8 7481.8 0
7481.8 11222.7 0
11222.7 16834.1 0
720 730
0.1 1.0 1
1.0 1.5 1
1.5 2.2 0
2.2 3.3 0
3.3 5.0 0
5.0 7.5 0
7.5 11.3 0
11.3 17.0 0
17.0 25.6 0
25.6 38.4 0
38.4 57.6 0
57.6 86.4 0
86.4 129.7 0
129.7 194.6 0
194.6 291.9 0
291.9 437.8 0
437.8 656.8 0
656.8 985.2 0
985.2 1477.8 0
1477.8 2216.8 0
2216.8 3325.2 0
3325.2 4987.8 0
4987.8 7481.8 0
7481.8 11222.7 0
11222.7 16834.1 0
730 740
0.1 1.0 0
1.0 1.5 0
1.5 2.2 0
2.2 3.3 0
3.3 5.0 0
5.0 7.5 0
7.5 11.3 0
11.3 17.0 0
17.0 25.6 0
25.6 38.4 0
38.4 57.6 0
57.6 86.4 0
86.4 129.7 0
129.7 194.6 0
194.6 291.9 0
291.9 437.8 0
437.8 656.8 0
656.8 985.2 0
985.2 1477.8 0
1477.8 2216.8 0
2216.8 3325.2 0
3325.2 4987.8 0
4987.8 7481.8 0
7481.8 11222.7 0
11222.7 16834.1 0
740 750
0.1 1.0 0
1.0 1.5 0
1.5 2.2 0
2.2 3.3 0
3.3 5.0 0
5.0 7.5 0
7.5 11.3 0
11.3 17.0 0
17.0 25.6 0
25.6 38.4 0
38.4 57.6 0
57.6 86.4 0
86.4 129.7 0
129.7 194.6 0
194.6 291.9 0
291.9 437.8 0
437.8 656.8 0
656.8 985.2 0
985.2 1477.8 0
1477.8 2216.8 0
2216.8 3325.2 0
3325.2 4987.8 0
4987.8 7481.8 0
7481.8 11222.7 0
11222.7 16834.1 0
750 760
0.1 1.0 1
1.0 1.5 1
1.5 2.2 0
2.2 3.3 0
3.3 5.0 0
5.0 7.5 0
7.5 11.3 0
11.3 17.0 0
17.0 25.6 0
25.6 38.4 0
38.4 57.6 0
57.6 86.4 0
86.4 129.7 0
129.7 194.6 0
194.6 291.9 0
291.9 437.8 0
437.8 656.8 0
656.8 985.2 0
985.2 1477.8 0
1477.8 2216.8 0
2216.8 3325.2 0
3325.2 4987.8 0
4987.8 7481.8 0
7481.8 11222.7 0
11222.7 16834.1 0
760 770
0.1 1.0 9
1.0 1.5 9
1.5 2.2 1
2.2 3.3 1
3.3 5.0 4
5.0 7.5 4
7.5 11.3 2
11.3 17.0 2
17.0 25.6 2
25.6 38.4 0
38.4 57.6 0
57.6 86.4 3
86.4 129.7 0
129.7 194.6 2
194.6 291.9 0
291.9 437.8 0
437.8 656.8 2
656.8 985.2 0
985.2 1477.8 0
1477.8 2216.8 0
2216.8 3325.2 0
3325.2 4987.8 0
4987.8 7481.8 0
7481.8 11222.7 0
11222.7 16834.1 0
770 780
0.1 1.0 5
1.0 1.5 5
1.5 2.2 4
2.2 3.3 2
3.3 5.0 0
5.0 7.5 0
7.5 11.3 0
11.3 17.0 0
17.0 25.6 0
25.6 38.4 0
38.4 57.6 0
57.6 86.4 0
86.4 129.7 0
129.7 194.6 0
194.6 291.9 0
291.9 437.8 0
437.8 656.8 0
656.8 985.2 0
985.2 1477.8 0
1477.8 2216.8 0
2216.8 3325.2 0
3325.2 4987.8 0
4987.8 7481.8 0
7481.8 11222.7 0
11222.7 16834.1 0
780 790
0.1 1.0 5
1.0 1.5 5
1.5 2.2 9
2.2 3.3 9
3.3 5.0 1
5.0 7.5 1
7.5 11.3 0
11.3 17.0 1
17.0 25.6 0
25.6 38.4 0
38.4 57.6 0
57.6 86.4 1
86.4 129.7 0
129.7 194.6 0
194.6 291.9 0
291.9 437.8 0
437.8 656.8 0
656.8 985.2 0
985.2 1477.8 0
1477.8 2216.8 0
2216.8 3325.2 0
3325.2 4987.8 0
4987.8 7481.8 0
7481.8 11222.7 0
11222.7 16834.1 0
790 800
0.1 1.0 2
1.0 1.5 2
1.5 2.2 3
2.2 3.3 0
3.3 5.0 11
5.0 7.5 1
7.5 11.3 1
11.3 17.0 0
17.0 25.6 0
25.6 38.4 0
38.4 57.6 0
57.6 86.4 0
86.4 129.7 0
129.7 194.6 0
194.6 291.9 0
291.9 437.8 0
437.8 656.8 0
656.8 985.2 0
985.2 1477.8 0
1477.8 2216.8 0
2216.8 3325.2 0
3325.2 4987.8 0
4987.8 7481.8 0
7481.8 11222.7 0
11222.7 16834.1 0
800 810
0.1 1.0 13
1.0 1.5 13
1.5 2.2 0
2.2 3.3 1
3.3 5.0 0
5.0 7.5 1
7.5 11.3 0
11.3 17.0 0
17.0 25.6 0
25.6 38.4 0
38.4 57.6 0
57.6 86.4 0
86.4 129.7 0
129.7 194.6 0
194.6 291.9 0
291.9 437.8 0
437.8 656.8 0
656.8 985.2 0
985.2 1477.8 0
1477.8 2216.8 0
2216.8 3325.2 0
3325.2 4987.8 0
4987.8 7481.8 0
7481.8 11222.7 0
11222.7 16834.1 0
810 820
0.1 1.0 14
1.0 1.5 14
1.5 2.2 2
2.2 3.3 1
3.3 5.0 0
5.0 7.5 0
7.5 11.3 0
11.3 17.0 0
17.0 25.6 0
25.6 38.4 1
38.4 57.6 0
57.6 86.4 0
86.4 129.7 0
129.7 194.6 0
194.6 291.9 0
291.9 437.8 0
437.8 656.8 0
656.8 985.2 0
985.2 1477.8 0
1477.8 2216.8 0
2216.8 3325.2 0
3325.2 4987.8 0
4987.8 7481.8 0
7481.8 11222.7 0
11222.7 16834.1 0
820 830
0.1 1.0 9
1.0 1.5 9
1.5 2.2 1
2.2 3.3 1
3.3 5.0 0
5.0 7.5 0
7.5 11.3 0
11.3 17.0 0
17.0 25.6 0
25.6 38.4 0
38.4 57.6 0
57.6 86.4 0
86.4 129.7 0
129.7 194.6 0
194.6 291.9 0
291.9 437.8 0
437.8 656.8 0
656.8 985.2 0
985.2 1477.8 0
1477.8 2216.8 0
2216.8 3325.2 0
3325.2 4987.8 0
4987.8 7481.8 0
7481.8 11222.7 0
11222.7 16834.1 0
830 840
0.1 1.0 17
1.0 1.5 17
1.5 2.2 0
2.2 3.3 0
3.3 5.0 0
5.0 7.5 0
7.5 11.3 0
11.3 17.0 0
17.0 25.6 0
25.6 38.4 0
38.4 57.6 0
57.6 86.4 0
86.4 129.7 0
129.7 194.6 0
194.6 291.9 0
291.9 437.8 0
437.8 656.8 0
656.8 985.2 0
985.2 1477.8 0
1477.8 2216.8 0
2216.8 3325.2 0
3325.2 4987.8 0
4987.8 7481.8 0
7481.8 11222.7 0
11222.7 16834.1 0
840 850
0.1 1.0 18
1.0 1.5 18
1.5 2.2 0
2.2 3.3 0
3.3 5.0 0
5.0 7.5 0
7.5 11.3 0
11.3 17.0 0
17.0 25.6 0
25.6 38.4 0
38.4 57.6 0
57.6 86.4 0
86.4 129.7 0
129.7 194.6 0
194.6 291.9 0
291.9 437.8 0
437.8 656.8 0
656.8 985.2 0
985.2 1477.8 0
1477.8 2216.8 0
2216.8 3325.2 0
3325.2 4987.8 0
4987.8 7481.8 0
7481.8 11222.7 0
11222.7 16834.1 0
850 860
0.1 1.0 14
1.0 1.5 14
1.5 2.2 0
2.2 3.3 0
3.3 5.0 0
5.0 7.5 0
7.5 11.3 0
11.3 17.0 0
17.0 25.6 0
25.6 38.4 0
38.4 57.6 0
57.6 86.4 0
86.4 129.7 0
129.7 194.6 0
194.6 291.9 0
291.9 437.8 0
437.8 656.8 0
656.8 985.2 0
985.2 1477.8 0
1477.8 2216.8 0
2216.8 3325.2 0
3325.2 4987.8 0
4987.8 7481.8 0
7481.8 11222.7 0
11222.7 16834.1 0
860 870
0.1 1.0 6
1.0 1.5 6
1.5 2.2 0
2.2 3.3 0
3.3 5.0 0
5.0 7.5 0
7.5 11.3 0
11.3 17.0 0
17.0 25.6 0
25.6 38.4 0
38.4 57.6 0
57.6 86.4 0
86.4 129.7 0
129.7 194.6 0
194.6 291.9 0
291.9 437.8 0
437.8 656.8 0
656.8 985.2 0
985.2 1477.8 0
1477.8 2216.8 0
2216.8 3325.2 0
3325.2 4987.8 0
4987.8 7481.8 0
7481.8 11222.7 0
11222.7 16834.1 0
870 880
0.1 1.0 2
1.0 1.5 2
1.5 2.2 0
2.2 3.3 0
3.3 5.0 0
5.0 7.5 0
7.5 11.3 0
11.3 17.0 0
17.0 25.6 0
25.6 38.4 0
38.4 57.6 0
57.6 86.4 0
86.4 129.7 0
129.7 194.6 0
194.6 291.9 0
291.9 437.8 0
437.8 656.8 0
656.8 985.2 0
985.2 1477.8 0
1477.8 2216.8 0
2216.8 3325.2 0
3325.2 4987.8 0
4987.8 7481.8 0
7481.8 11222.7 0
11222.7 16834.1 0
880 890
0.1 1.0 1
1.0 1.5 1
1.5 2.2 0
2.2 3.3 0
3.3 5.0 0
5.0 7.5 0
7.5 11.3 0
11.3 17.0 0
17.0 25.6 0
25.6 38.4 0
38.4 57.6 0
57.6 86.4 0
86.4 129.7 0
129.7 194.6 0
194.6 291.9 0
291.9 437.8 0
437.8 656.8 0
656.8 985.2 0
985.2 1477.8 0
1477.8 2216.8 0
2216.8 3325.2 0
3325.2 4987.8 0
4987.8 7481.8 0
7481.8 11222.7 0
11222.7 16834.1 0
890 900
0.1 1.0 3
1.0 1.5 3
1.5 2.2 0
2.2 3.3 0
3.3 5.0 0
5.0 7.5 0
7.5 11.3 0
11.3 17.0 0
17.0 25.6 0
25.6 38.4 0
38.4 57.6 0
57.6 86.4 0
86.4 129.7 0
129.7 194.6 0
194.6 291.9 0
291.9 437.8 0
437.8 656.8 0
656.8 985.2 0
985.2 1477.8 0
1477.8 2216.8 0
2216.8 3325.2 0
3325.2 4987.8 0
4987.8 7481.8 0
7481.8 11222.7 0
11222.7 16834.1 0
900 910
0.1 1.0 5
1.0 1.5 5
1.5 2.2 0
2.2 3.3 0
3.3 5.0 0
5.0 7.5 0
7.5 11.3 0
11.3 17.0 0
17.0 25.6 0
25.6 38.4 0
38.4 57.6 0
57.6 86.4 0
86.4 129.7 0
129.7 194.6 0
194.6 291.9 0
291.9 437.8 0
437.8 656.8 0
656.8 985.2 0
985.2 1477.8 0
1477.8 2216.8 0
2216.8 3325.2 0
3325.2 4987.8 0
4987.8 7481.8 0
7481.8 11222.7 0
11222.7 16834.1 0
910 920
0.1 1.0 1
1.0 1.5 1
1.5 2.2 0
2.2 3.3 0
3.3 5.0 0
5.0 7.5 0
7.5 11.3 0
11.3 17.0 0
17.0 25.6 0
25.6 38.4 0
38.4 57.6 0
57.6 86.4 0
86.4 129.7 0
129.7 194.6 0
194.6 291.9 0
291.9 437.8 0
437.8 656.8 0
656.8 985.2 0
985.2 1477.8 0
1477.8 2216.8 0
2216.8 3325.2 0
3325.2 4987.8 0
4987.8 7481.8 0
7481.8 11222.7 0
11222.7 16834.1 0
920 930
0.1 1.0 4
1.0 1.5 4
1.5 2.2 0
2.2 3.3 0
3.3 5.0 0
5.0 7.5 0
7.5 11.3 0
11.3 17.0 0
17.0 25.6 0
25.6 38.4 0
38.4 57.6 0
57.6 86.4 0
86.4 129.7 0
129.7 194.6 0
194.6 291.9 0
291.9 437.8 0
437.8 656.8 0
656.8 985.2 0
985.2 1477.8 0
1477.8 2216.8 0
2216.8 3325.2 0
3325.2 4987.8 0
4987.8 7481.8 0
7481.8 11222.7 0
11222.7 16834.1 0
930 940
0.1 1.0 6
1.0 1.5 6
1.5 2.2 0
2.2 3.3 0
3.3 5.0 0
5.0 7.5 0
7.5 11.3 0
11.3 17.0 0
17.0 25.6 0
25.6 38.4 0
38.4 57.6 0
57.6 86.4 0
86.4 129.7 0
129.7 194.6 0
194.6 291.9 0
291.9 437.8 0
437.8 656.8 0
656.8 985.2 0
985.2 1477.8 0
1477.8 2216.8 0
2216.8 3325.2 0
3325.2 4987.8 0
4987.8 7481.8 0
7481.8 11222.7 0
11222.7 16834.1 0
940 950
0.1 1.0 11
1.0 1.5 11
1.5 2.2 0
2.2 3.3 0
3.3 5.0 0
5.0 7.5 0
7.5 11.3 0
11.3 17.0 1
17.0 25.6 0
25.6 38.4 0
38.4 57.6 0
57.6 86.4 0
86.4 129.7 0
129.7 194.6 0
194.6 291.9 0
291.9 437.8 0
437.8 656.8 0
656.8 985.2 0
985.2 1477.8 0
1477.8 2216.8 0
2216.8 3325.2 0
3325.2 4987.8 0
4987.8 7481.8 0
7481.8 11222.7 0
11222.7 16834.1 0
950 960
0.1 1.0 7
1.0 1.5 7
1.5 2.2 0
2.2 3.3 0
3.3 5.0 0
5.0 7.5 0
7.5 11.3 0
11.3 17.0 0
17.0 25.6 0
25.6 38.4 0
38.4 57.6 0
57.6 86.4 0
86.4 129.7 0
129.7 194.6 0
194.6 291.9 0
291.9 437.8 0
437.8 656.8 0
656.8 985.2 0
985.2 1477.8 0
1477.8 2216.8 0
2216.8 3325.2 0
3325.2 4987.8 0
4987.8 7481.8 0
7481.8 11222.7 0
11222.7 16834.1 0
960 970
0.1 1.0 4
1.0 1.5 4
1.5 2.2 0
2.2 3.3 0
3.3 5.0 0
5.0 7.5 0
7.5 11.3 0
11.3 17.0 0
17.0 25.6 0
25.6 38.4 0
38.4 57.6 0
57.6 86.4 0
86.4 129.7 0
129.7 194.6 0
194.6 291.9 0
291.9 437.8 0
437.8 656.8 0
656.8 985.2 0
985.2 1477.8 0
1477.8 2216.8 0
2216.8 3325.2 0
3325.2 4987.8 0
4987.8 7481.8 0
7481.8 11222.7 0
11222.7 16834.1 0
970 980
0.1 1.0 2
1.0 1.5 2
1.5 2.2 0
2.2 3.3 0
3.3 5.0 0
5.0 7.5 0
7.5 11.3 0
11.3 17.0 0
17.0 25.6 0
25.6 38.4 0
38.4 57.6 0
57.6 86.4 0
86.4 129.7 0
129.7 194.6 0
194.6 291.9 0
291.9 437.8 0
437.8 656.8 0
656.8 985.2 0
985.2 1477.8 0
1477.8 2216.8 0
2216.8 3325.2 0
3325.2 4987.8 0
4987.8 7481.8 0
7481.8 11222.7 0
11222.7 16834.1 0
980 990
0.1 1.0 2
1.0 1.5 2
1.5 2.2 0
2.2 3.3 0
3.3 5.0 0
5.0 7.5 0
7.5 11.3 0
11.3 17.0 0
17.0 25.6 0
25.6 38.4 0
38.4 57.6 0
57.6 86.4 0
86.4 129.7 0
129.7 194.6 0
194.6 291.9 0
291.9 437.8 1
437.8 656.8 0
656.8 985.2 0
985.2 1477.8 0
1477.8 2216.8 0
2216.8 3325.2 0
3325.2 4987.8 0
4987.8 7481.8 0
7481.8 11222.7 0
11222.7 16834.1 0
990 1000
0.1 1.0 4
1.0 1.5 4
1.5 2.2 0
2.2 3.3 0
3.3 5.0 0
5.0 7.5 0
7.5 11.3 0
11.3 17.0 0
17.0 25.6 0
25.6 38.4 0
38.4 57.6 1
57.6 86.4 0
86.4 129.7 0
129.7 194.6 0
194.6 291.9 0
291.9 437.8 0
437.8 656.8 0
656.8 985.2 0
985.2 1477.8 0
1477.8 2216.8 0
2216.8 3325.2 0
3325.2 4987.8 0
4987.8 7481.8 0
7481.8 11222.7 0
11222.7 16834.1 0
1000 1010
0.1 1.0 3
1.0 1.5 3
1.5 2.2 0
2.2 3.3 0
3.3 5.0 0
5.0 7.5 0
7.5 11.3 0
11.3 17.0 0
17.0 25.6 0
25.6 38.4 0
38.4 57.6 0
57.6 86.4 0
86.4 129.7 0
129.7 194.6 0
194.6 291.9 0
291.9 437.8 0
437.8 656.8 0
656.8 985.2 0
985.2 1477.8 0
1477.8 2216.8 0
2216.8 3325.2 0
3325.2 4987.8 0
4987.8 7481.8 0
7481.8 11222.7 0
11222.7 16834.1 0
1010 1020
0.1 1.0 3
1.0 1.5 3
1.5 2.2 0
2.2 3.3 0
3.3 5.0 0
5.0 7.5 0
7.5 11.3 0
11.3 17.0 0
17.0 25.6 0
25.6 38.4 0
38.4 57.6 0
57.6 86.4 0
86.4 129.7 0
129.7 194.6 0
194.6 291.9 0
291.9 437.8 0
437.8 656.8 0
656.8 985.2 0
985.2 1477.8 0
1477.8 2216.8 0
2216.8 3325.2 0
3325.2 4987.8 0
4987.8 7481.8 0
7481.8 11222.7 0
11222.7 16834.1 0
1020 1030
0.1 1.0 2
1.0 1.5 2
1.5 2.2 0
2.2 3.3 0
3.3 5.0 0
5.0 7.5 0
7.5 11.3 0
11.3 17.0 0
17.0 25.6 0
25.6 38.4 0
38.4 57.6 0
57.6 86.4 0
86.4 129.7 0
129.7 194.6 0
194.6 291.9 0
291.9 437.8 0
437.8 656.8 0
656.8 985.2 0
985.2 1477.8 0
1477.8 2216.8 0
2216.8 3325.2 0
3325.2 4987.8 0
4987.8 7481.8 0
7481.8 11222.7 0
11222.7 16834.1 0
1030 1040
0.1 1.0 6
1.0 1.5 6
1.5 2.2 0
2.2 3.3 0
3.3 5.0 0
5.0 7.5 0
7.5 11.3 0
11.3 17.0 0
17.0 25.6 0
25.6 38.4 0
38.4 57.6 0
57.6 86.4 0
86.4 129.7 0
129.7 194.6 0
194.6 291.9 0
291.9 437.8 0
437.8 656.8 0
656.8 985.2 0
985.2 1477.8 0
1477.8 2216.8 0
2216.8 3325.2 0
3325.2 4987.8 0
4987.8 7481.8 0
7481.8 11222.7 0
11222.7 16834.1 0
1040 1050
0.1 1.0 7
1.0 1.5 7
1.5 2.2 0
2.2 3.3 0
3.3 5.0 0
5.0 7.5 0
7.5 11.3 0
11.3 17.0 0
17.0 25.6 0
25.6 38.4 0
38.4 57.6 0
57.6 86.4 0
86.4 129.7 0
129.7 194.6 0
194.6 291.9 0
291.9 437.8 0
437.8 656.8 0
656.8 985.2 0
985.2 1477.8 0
1477.8 2216.8 0
2216.8 3325.2 0
3325.2 4987.8 0
4987.8 7481.8 0
7481.8 11222.7 0
11222.7 16834.1 0
1050 1060
0.1 1.0 4
1.0 1.5 4
1.5 2.2 0
2.2 3.3 0
3.3 5.0 0
5.0 7.5 1
7.5 11.3 0
11.3 17.0 0
17.0 25.6 0
25.6 38.4 0
38.4 57.6 0
57.6 86.4 0
86.4 129.7 0
129.7 194.6 0
194.6 291.9 0
291.9 437.8 0
437.8 656.8 0
656.8 985.2 0
985.2 1477.8 0
1477.8 2216.8 0
2216.8 3325.2 0
3325.2 4987.8 0
4987.8 7481.8 0
7481.8 11222.7 0
11222.7 16834.1 0
1060 1070
0.1 1.0 2
1.0 1.5 2
1.5 2.2 0
2.2 3.3 0
3.3 5.0 0
5.0 7.5 0
7.5 11.3 0
11.3 17.0 1
17.0 25.6 0
25.6 38.4 0
38.4 57.6 1
57.6 86.4 0
86.4 129.7 0
129.7 194.6 0
194.6 291.9 0
291.9 437.8 0
437.8 656.8 1
656.8 985.2 0
985.2 1477.8 0
1477.8 2216.8 0
2216.8 3325.2 0
3325.2 4987.8 0
4987.8 7481.8 0
7481.8 11222.7 0
11222.7 16834.1 0
1070 1080
0.1 1.0 8
1.0 1.5 8
1.5 2.2 0
2.2 3.3 0
3.3 5.0 0
5.0 7.5 0
7.5 11.3 0
11.3 17.0 0
17.0 25.6 0
25.6 38.4 0
38.4 57.6 0
57.6 86.4 0
86.4 129.7 0
129.7 194.6 0
194.6 291.9 0
291.9 437.8 0
437.8 656.8 0
656.8 985.2 0
985.2 1477.8 0
1477.8 2216.8 0
2216.8 3325.2 0
3325.2 4987.8 0
4987.8 7481.8 0
7481.8 11222.7 0
11222.7 16834.1 0
1080 1090
0.1 1.0 13
1.0 1.5 13
1.5 2.2 0
2.2 3.3 0
3.3 5.0 0
5.0 7.5 0
7.5 11.3 0
11.3 17.0 0
17.0 25.6 0
25.6 38.4 0
38.4 57.6 0
57.6 86.4 0
86.4 129.7 0
129.7 194.6 0
194.6 291.9 0
291.9 437.8 0
437.8 656.8 0
656.8 985.2 0
985.2 1477.8 0
1477.8 2216.8 0
2216.8 3325.2 0
3325.2 4987.8 0
4987.8 7481.8 0
7481.8 11222.7 0
11222.7 16834.1 0
1090 1100
0.1 1.0 14
1.0 1.5 14
1.5 2.2 0
2.2 3.3 0
3.3 5.0 0
5.0 7.5 0
7.5 11.3 1
11.3 17.0 0
17.0 25.6 0
25.6 38.4 0
38.4 57.6 0
57.6 86.4 0
86.4 129.7 0
129.7 194.6 0
194.6 291.9 0
291.9 437.8 0
437.8 656.8 0
656.8 985.2 0
985.2 1477.8 0
1477.8 2216.8 0
2216.8 3325.2 0
3325.2 4987.8 0
4987.8 7481.8 0
7481.8 11222.7 0
11222.7 16834.1 0
1100 1110
0.1 1.0 11
1.0 1.5 11
1.5 2.2 1
2.2 3.3 0
3.3 5.0 0
5.0 7.5 0
7.5 11.3 0
11.3 17.0 0
17.0 25.6 0
25.6 38.4 0
38.4 57.6 0
57.6 86.4 0
86.4 129.7 0
129.7 194.6 0
194.6 291.9 0
291.9 437.8 0
437.8 656.8 0
656.8 985.2 0
985.2 1477.8 0
1477.8 2216.8 0
2216.8 3325.2 0
3325.2 4987.8 0
4987.8 7481.8 0
7481.8 11222.7 0
11222.7 16834.1 0
1110 1120
0.1 1.0 8
1.0 1.5 8
1.5 2.2 1
2.2 3.3 3
3.3 5.0 0
5.0 7.5 0
7.5 11.3 0
11.3 17.0 0
17.0 25.6 0
25.6 38.4 0
38.4 57.6 0
57.6 86.4 0
86.4 129.7 0
129.7 194.6 0
194.6 291.9 0
291.9 437.8 0
437.8 656.8 0
656.8 985.2 0
985.2 1477.8 0
1477.8 2216.8 0
2216.8 3325.2 0
3325.2 4987.8 0
4987.8 7481.8 0
7481.8 11222.7 0
11222.7 16834.1 0
1120 1130
0.1 1.0 4
1.0 1.5 4
1.5 2.2 3
2.2 3.3 3
3.3 5.0 0
5.0 7.5 0
7.5 11.3 0
11.3 17.0 0
17.0 25.6 0
25.6 38.4 0
38.4 57.6 0
57.6 86.4 0
86.4 129.7 0
129.7 194.6 0
194.6 291.9 0
291.9 437.8 0
437.8 656.8 0
656.8 985.2 0
985.2 1477.8 0
1477.8 2216.8 0
2216.8 3325.2 0
3325.2 4987.8 0
4987.8 7481.8 0
7481.8 11222.7 0
11222.7 16834.1 0
1130 1140
0.1 1.0 1
1.0 1.5 1
1.5 2.2 3
2.2 3.3 0
3.3 5.0 0
5.0 7.5 0
7.5 11.3 0
11.3 17.0 0
17.0 25.6 0
25.6 38.4 0
38.4 57.6 0
57.6 86.4 0
86.4 129.7 0
129.7 194.6 0
194.6 291.9 0
291.9 437.8 0
437.8 656.8 0
656.8 985.2 0
985.2 1477.8 0
1477.8 2216.8 0
2216.8 3325.2 0
3325.2 4987.8 0
4987.8 7481.8 0
7481.8 11222.7 0
11222.7 16834.1 0
1140 1150
0.1 1.0 2
1.0 1.5 2
1.5 2.2 0
2.2 3.3 0
3.3 5.0 0
5.0 7.5 0
7.5 11.3 0
11.3 17.0 0
17.0 25.6 0
25.6 38.4 0
38.4 57.6 0
57.6 86.4 0
86.4 129.7 0
129.7 194.6 0
194.6 291.9 0
291.9 437.8 0
437.8 656.8 0
656.8 985.2 0
985.2 1477.8 0
1477.8 2216.8 0
2216.8 3325.2 0
3325.2 4987.8 0
4987.8 7481.8 0
7481.8 11222.7 0
11222.7 16834.1 0
1150 1160
0.1 1.0 6
1.0 1.5 6
1.5 2.2 0
2.2 3.3 0
3.3 5.0 0
5.0 7.5 0
7.5 11.3 0
11.3 17.0 0
17.0 25.6 0
25.6 38.4 0
38.4 57.6 0
57.6 86.4 0
86.4 129.7 0
129.7 194.6 0
194.6 291.9 0
291.9 437.8 0
437.8 656.8 0
656.8 985.2 0
985.2 1477.8 0
1477.8 2216.8 0
2216.8 3325.2 0
3325.2 4987.8 0
4987.8 7481.8 0
7481.8 11222.7 0
11222.7 16834.1 0
1160 1170
0.1 1.0 13
1.0 1.5 13
1.5 2.2 0
2.2 3.3 0
3.3 5.0 0
5.0 7.5 0
7.5 11.3 0
11.3 17.0 0
17.0 25.6 0
25.6 38.4 0
38.4 57.6 0
57.6 86.4 0
86.4 129.7 0
129.7 194.6 0
194.6 291.9 0
291.9 437.8 0
437.8 656.8 0
656.8 985.2 0
985.2 1477.8 0
1477.8 2216.8 0
2216.8 3325.2 0
3325.2 4987.8 0
4987.8 7481.8 0
7481.8 11222.7 0
11222.7 16834.1 0
1170 1180
0.1 1.0 4
1.0 1.5 4
1.5 2.2 0
2.2 3.3 0
3.3 5.0 0
5.0 7.5 0
7.5 11.3 0
11.3 17.0 0
17.0 25.6 0
25.6 38.4 0
38.4 57.6 0
57.6 86.4 0
86.4 129.7 0
129.7 194.6 0
194.6 291.9 0
291.9 437.8 0
437.8 656.8 1
656.8 985.2 0
985.2 1477.8 0
1477.8 2216.8 0
2216.8 3325.2 0
3325.2 4987.8 0
4987.8 7481.8 0
7481.8 11222.7 0
11222.7 16834.1 0
1180 1190
0.1 1.0 6
1.0 1.5 6
1.5 2.2 0
2.2 3.3 0
3.3 5.0 0
5.0 7.5 0
7.5 11.3 0
11.3 17.0 0
17.0 25.6 0
25.6 38.4 0
38.4 57.6 0
57.6 86.4 0
86.4 129.7 0
129.7 194.6 0
194.6 291.9 0
291.9 437.8 0
437.8 656.8 0
656.8 985.2 0
985.2 1477.8 0
1477.8 2216.8 0
2216.8 3325.2 0
3325.2 4987.8 0
4987.8 7481.8 0
7481.8 11222.7 0
11222.7 16834.1 0
1190 1200
0.1 1.0 6
1.0 1.5 6
1.5 2.2 0
2.2 3.3 0
3.3 5.0 0
5.0 7.5 0
7.5 11.3 0
11.3 17.0 0
17.0 25.6 0
25.6 38.4 0
38.4 57.6 0
57.6 86.4 0
86.4 129.7 0
129.7 194.6 0
194.6 291.9 0
291.9 437.8 0
437.8 656.8 0
656.8 985.2 0
985.2 1477.8 0
1477.8 2216.8 0
2216.8 3325.2 0
3325.2 4987.8 0
4987.8 7481.8 0
7481.8 11222.7 0
11222.7 16834.1 0
1200 1210
0.1 1.0 5
1.0 1.5 5
1.5 2.2 0
2.2 3.3 0
3.3 5.0 0
5.0 7.5 0
7.5 11.3 0
11.3 17.0 0
17.0 25.6 0
25.6 38.4 0
38.4 57.6 0
57.6 86.4 0
86.4 129.7 0
129.7 194.6 0
194.6 291.9 0
291.9 437.8 0
437.8 656.8 0
656.8 985.2 0
985.2 1477.8 0
1477.8 2216.8 0
2216.8 3325.2 0
3325.2 4987.8 0
4987.8 7481.8 0
7481.8 11222.7 0
11222.7 16834.1 0
1210 1220
0.1 1.0 0
1.0 1.5 0
1.5 2.2 0
2.2 3.3 0
3.3 5.0 0
5.0 7.5 0
7.5 11.3 0
11.3 17.0 0
17.0 25.6 0
25.6 38.4 0
38.4 57.6 0
57.6 86.4 0
86.4 129.7 0
129.7 194.6 0
194.6 291.9 0
291.9 437.8 0
437.8 656.8 0
656.8 985.2 0
985.2 1477.8 0
1477.8 2216.8 0
2216.8 3325.2 0
3325.2 4987.8 0
4987.8 7481.8 0
7481.8 11222.7 0
11222.7 16834.1 0
1220 1230
0.1 1.0 0
1.0 1.5 0
1.5 2.2 0
2.2 3.3 0
3.3 5.0 0
5.0 7.5 0
7.5 11.3 0
11.3 17.0 0
17.0 25.6 0
25.6 38.4 1
38.4 57.6 0
57.6 86.4 0
86.4 129.7 0
129.7 194.6 0
194.6 291.9 0
291.9 437.8 0
437.8 656.8 0
656.8 985.2 0
985.2 1477.8 0
1477.8 2216.8 0
2216.8 3325.2 0
3325.2 4987.8 0
4987.8 7481.8 0
7481.8 11222.7 0
11222.7 16834.1 0
1230 1240
0.1 1.0 1
1.0 1.5 1
1.5 2.2 0
2.2 3.3 1
3.3 5.0 0
5.0 7.5 2
7.5 11.3 0
11.3 17.0 0
17.0 25.6 0
25.6 38.4 0
38.4 57.6 0
57.6 86.4 0
86.4 129.7 0
129.7 194.6 0
194.6 291.9 0
291.9 437.8 0
437.8 656.8 0
656.8 985.2 0
985.2 1477.8 0
1477.8 2216.8 0
2216.8 3325.2 0
3325.2 4987.8 0
4987.8 7481.8 0
7481.8 11222.7 0
11222.7 16834.1 0
1240 1250
0.1 1.0 1
1.0 1.5 1
1.5 2.2 2
2.2 3.3 3
3.3 5.0 2
5.0 7.5 0
7.5 11.3 0
11.3 17.0 0
17.0 25.6 0
25.6 38.4 0
38.4 57.6 0
57.6 86.4 0
86.4 129.7 0
129.7 194.6 1
194.6 291.9 0
291.9 437.8 0
437.8 656.8 0
656.8 985.2 0
985.2 1477.8 0
1477.8 2216.8 0
2216.8 3325.2 0
3325.2 4987.8 0
4987.8 7481.8 0
7481.8 11222.7 0
11222.7 16834.1 0
1250 1260
0.1 1.0 6
1.0 1.5 6
1.5 2.2 0
2.2 3.3 0
3.3 5.0 0
5.0 7.5 0
7.5 11.3 0
11.3 17.0 0
17.0 25.6 0
25.6 38.4 0
38.4 57.6 0
57.6 86.4 0
86.4 129.7 0
129.7 194.6 0
194.6 291.9 0
291.9 437.8 0
437.8 656.8 0
656.8 985.2 0
985.2 1477.8 0
1477.8 2216.8 0
2216.8 3325.2 0
3325.2 4987.8 0
4987.8 7481.8 0
7481.8 11222.7 0
11222.7 16834.1 0
1260 1270
0.1 1.0 2
1.0 1.5 2
1.5 2.2 0
2.2 3.3 0
3.3 5.0 1
5.0 7.5 0
7.5 11.3 0
11.3 17.0 0
17.0 25.6 0
25.6 38.4 0
38.4 57.6 0
57.6 86.4 0
86.4 129.7 0
129.7 194.6 0
194.6 291.9 0
291.9 437.8 0
437.8 656.8 0
656.8 985.2 0
985.2 1477.8 0
1477.8 2216.8 0
2216.8 3325.2 0
3325.2 4987.8 0
4987.8 7481.8 0
7481.8 11222.7 0
11222.7 16834.1 0
1270 1280
0.1 1.0 4
1.0 1.5 4
1.5 2.2 1
2.2 3.3 2
3.3 5.0 2
5.0 7.5 1
7.5 11.3 0
11.3 17.0 0
17.0 25.6 1
25.6 38.4 0
38.4 57.6 0
57.6 86.4 0
86.4 129.7 0
129.7 194.6 0
194.6 291.9 0
291.9 437.8 0
437.8 656.8 0
656.8 985.2 0
985.2 1477.8 0
1477.8 2216.8 0
2216.8 3325.2 0
3325.2 4987.8 0
4987.8 7481.8 0
7481.8 11222.7 0
11222.7 16834.1 0
1280 1290
0.1 1.0 3
1.0 1.5 3
1.5 2.2 0
2.2 3.3 3
3.3 5.0 4
5.0 7.5 0
7.5 11.3 0
11.3 17.0 0
17.0 25.6 0
25.6 38.4 0
38.4 57.6 0
57.6 86.4 0
86.4 129.7 0
129.7 194.6 0
194.6 291.9 0
291.9 437.8 0
437.8 656.8 0
656.8 985.2 0
985.2 1477.8 0
1477.8 2216.8 0
2216.8 3325.2 0
3325.2 4987.8 0
4987.8 7481.8 0
7481.8 11222.7 0
11222.7 16834.1 0
1290 1300
0.1 1.0 1
1.0 1.5 1
1.5 2.2 6
2.2 3.3 4
3.3 5.0 0
5.0 7.5 0
7.5 11.3 0
11.3 17.0 0
17.0 25.6 0
25.6 38.4 0
38.4 57.6 0
57.6 86.4 0
86.4 129.7 0
129.7 194.6 0
194.6 291.9 0
291.9 437.8 0
437.8 656.8 0
656.8 985.2 0
985.2 1477.8 0
1477.8 2216.8 0
2216.8 3325.2 0
3325.2 4987.8 0
4987.8 7481.8 0
7481.8 11222.7 0
11222.7 16834.1 0
1300 1310
0.1 1.0 2
1.0 1.5 2
1.5 2.2 6
2.2 3.3 0
3.3 5.0 0
5.0 7.5 0
7.5 11.3 0
11.3 17.0 0
17.0 25.6 0
25.6 38.4 0
38.4 57.6 1
57.6 86.4 0
86.4 129.7 0
129.7 194.6 0
194.6 291.9 0
291.9 437.8 0
437.8 656.8 0
656.8 985.2 0
985.2 1477.8 0
1477.8 2216.8 0
2216.8 3325.2 0
3325.2 4987.8 0
4987.8 7481.8 0
7481.8 11222.7 0
11222.7 16834.1 0
1310 1320
0.1 1.0 11
1.0 1.5 11
1.5 2.2 1
2.2 3.3 0
3.3 5.0 0
5.0 7.5 0
7.5 11.3 0
11.3 17.0 0
17.0 25.6 0
25.6 38.4 0
38.4 57.6 0
57.6 86.4 0
86.4 129.7 0
129.7 194.6 0
194.6 291.9 0
291.9 437.8 0
437.8 656.8 0
656.8 985.2 0
985.2 1477.8 0
1477.8 2216.8 0
2216.8 3325.2 0
3325.2 4987.8 0
4987.8 7481.8 0
7481.8 11222.7 0
11222.7 16834.1 0
1320 1330
0.1 1.0 8
1.0 1.5 8
1.5 2.2 0
2.2 3.3 0
3.3 5.0 0
5.0 7.5 0
7.5 11.3 0
11.3 17.0 0
17.0 25.6 0
25.6 38.4 0
38.4 57.6 0
57.6 86.4 0
86.4 129.7 0
129.7 194.6 0
194.6 291.9 0
291.9 437.8 0
437.8 656.8 0
656.8 985.2 0
985.2 1477.8 0
1477.8 2216.8 0
2216.8 3325.2 0
3325.2 4987.8 0
4987.8 7481.8 0
7481.8 11222.7 0
11222.7 16834.1 0
1330 1340
0.1 1.0 8
1.0 1.5 8
1.5 2.2 0
2.2 3.3 0
3.3 5.0 0
5.0 7.5 0
7.5 11.3 0
11.3 17.0 0
17.0 25.6 0
25.6 38.4 0
38.4 57.6 0
57.6 86.4 0
86.4 129.7 0
129.7 194.6 0
194.6 291.9 0
291.9 437.8 0
437.8 656.8 0
656.8 985.2 0
985.2 1477.8 0
1477.8 2216.8 0
2216.8 3325.2 0
3325.2 4987.8 0
4987.8 7481.8 0
7481.8 11222.7 0
11222.7 16834.1 0
1340 1350
0.1 1.0 2
1.0 1.5 2
1.5 2.2 0
2.2 3.3 0
3.3 5.0 0
5.0 7.5 0
7.5 11.3 0
11.3 17.0 0
17.0 25.6 0
25.6 38.4 0
38.4 57.6 0
57.6 86.4 0
86.4 129.7 0
129.7 194.6 0
194.6 291.9 0
291.9 437.8 0
437.8 656.8 0
656.8 985.2 0
985.2 1477.8 0
1477.8 2216.8 0
2216.8 3325.2 0
3325.2 4987.8 0
4987.8 7481.8 0
7481.8 11222.7 0
11222.7 16834.1 0
1350 1360
0.1 1.0 1
1.0 1.5 1
1.5 2.2 0
2.2 3.3 0
3.3 5.0 0
5.0 7.5 0
7.5 11.3 0
11.3 17.0 0
17.0 25.6 0
25.6 38.4 0
38.4 57.6 0
57.6 86.4 0
86.4 129.7 0
129.7 194.6 0
194.6 291.9 0
291.9 437.8 0
437.8 656.8 0
656.8 985.2 0
985.2 1477.8 0
1477.8 2216.8 0
2216.8 3325.2 0
3325.2 4987.8 0
4987.8 7481.8 0
7481.8 11222.7 0
11222.7 16834.1 0
1360 1370
0.1 1.0 0
1.0 1.5 0
1.5 2.2 0
2.2 3.3 0
3.3 5.0 0
5.0 7.5 0
7.5 11.3 0
11.3 17.0 0
17.0 25.6 0
25.6 38.4 1
38.4 57.6 0
57.6 86.4 0
86.4 129.7 0
129.7 194.6 0
194.6 291.9 0
291.9 437.8 0
437.8 656.8 0
656.8 985.2 0
985.2 1477.8 0
1477.8 2216.8 0
2216.8 3325.2 0
3325.2 4987.8 0
4987.8 7481.8 0
7481.8 11222.7 0
11222.7 16834.1 0
1370 1380
0.1 1.0 1
1.0 1.5 1
1.5 2.2 0
2.2 3.3 0
3.3 5.0 0
5.0 7.5 0
7.5 11.3 0
11.3 17.0 0
17.0 25.6 0
25.6 38.4 0
38.4 57.6 0
57.6 86.4 0
86.4 129.7 0
129.7 194.6 0
194.6 291.9 0
291.9 437.8 0
437.8 656.8 0
656.8 985.2 0
985.2 1477.8 0
1477.8 2216.8 0
2216.8 3325.2 0
3325.2 4987.8 0
4987.8 7481.8 0
7481.8 11222.7 0
11222.7 16834.1 0
1380 1390
0.1 1.0 0
1.0 1.5 0
1.5 2.2 0
2.2 3.3 0
3.3 5.0 0
5.0 7.5 0
7.5 11.3 0
11.3 17.0 0
17.0 25.6 0
25.6 38.4 0
38.4 57.6 0
57.6 86.4 0
86.4 129.7 0
129.7 194.6 0
194.6 291.9 0
291.9 437.8 0
437.8 656.8 0
656.8 985.2 0
985.2 1477.8 0
1477.8 2216.8 0
2216.8 3325.2 0
3325.2 4987.8 0
4987.8 7481.8 0
7481.8 11222.7 0
11222.7 16834.1 0
1390 1400
0.1 1.0 1
1.0 1.5 1
1.5 2.2 0
2.2 3.3 0
3.3 5.0 0
5.0 7.5 0
7.5 11.3 0
11.3 17.0 0
17.0 25.6 0
25.6 38.4 0
38.4 57.6 0
57.6 86.4 0
86.4 129.7 0
129.7 194.6 0
194.6 291.9 0
291.9 437.8 0
437.8 656.8 0
656.8 985.2 0
985.2 1477.8 0
1477.8 2216.8 0
2216.8 3325.2 0
3325.2 4987.8 0
4987.8 7481.8 0
7481.8 11222.7 0
11222.7 16834.1 0
1400 1410
0.1 1.0 0
1.0 1.5 0
1.5 2.2 0
2.2 3.3 0
3.3 5.0 0
5.0 7.5 0
7.5 11.3 0
11.3 17.0 0
17.0 25.6 0
25.6 38.4 0
38.4 57.6 0
57.6 86.4 0
86.4 129.7 0
129.7 194.6 0
194.6 291.9 0
291.9 437.8 0
437.8 656.8 0
656.8 985.2 0
985.2 1477.8 0
1477.8 2216.8 0
2216.8 3325.2 0
3325.2 4987.8 0
4987.8 7481.8 0
7481.8 11222.7 0
11222.7 16834.1 0
1410 1420
0.1 1.0 1
1.0 1.5 1
1.5 2.2 0
2.2 3.3 1
3.3 5.0 0
5.0 7.5 0
7.5 11.3 0
11.3 17.0 0
17.0 25.6 0
25.6 38.4 0
38.4 57.6 0
57.6 86.4 0
86.4 129.7 0
129.7 194.6 0
194.6 291.9 0
291.9 437.8 0
437.8 656.8 0
656.8 985.2 0
985.2 1477.8 0
1477.8 2216.8 0
2216.8 3325.2 0
3325.2 4987.8 0
4987.8 7481.8 0
7481.8 11222.7 0
11222.7 16834.1 0
1420 1430
0.1 1.0 0
1.0 1.5 0
1.5 2.2 0
2.2 3.3 0
3.3 5.0 0
5.0 7.5 0
7.5 11.3 0
11.3 17.0 0
17.0 25.6 0
25.6 38.4 0
38.4 57.6 0
57.6 86.4 0
86.4 129.7 0
129.7 194.6 0
194.6 291.9 0
291.9 437.8 0
437.8 656.8 0
656.8 985.2 0
985.2 1477.8 0
1477.8 2216.8 0
2216.8 3325.2 0
3325.2 4987.8 0
4987.8 7481.8 0
7481.8 11222.7 0
11222.7 16834.1 0
1430 1440
0.1 1.0 1
1.0 1.5 1
1.5 2.2 0
2.2 3.3 0
3.3 5.0 0
5.0 7.5 0
7.5 11.3 0
11.3 17.0 0
17.0 25.6 0
25.6 38.4 0
38.4 57.6 0
57.6 86.4 0
86.4 129.7 0
129.7 194.6 0
194.6 291.9 0
291.9 437.8 0
437.8 656.8 0
656.8 985.2 0
985.2 1477.8 0
1477.8 2216.8 0
2216.8 3325.2 0
3325.2 4987.8 0
4987.8 7481.8 0
7481.8 11222.7 0
11222.7 16834.1 0
