0 10
0.0 1.0 1084
1.5 2.2 151
2.2 3.3 105
3.3 5.0 129
5.0 7.5 267
7.5 11.3 122
11.3 17.0 67
17.0 25.6 183
25.6 38.4 153
38.4 57.6 153
57.6 86.4 224
86.4 129.7 97
129.7 194.6 44
194.6 291.9 44
291.9 437.8 73
437.8 656.8 106
656.8 985.2 49
985.2 1477.8 17
1477.8 2216.8 35
2216.8 3325.2 18
3325.2 4987.8 33
4987.8 7481.8 7
7481.8 11222.7 0
11222.7 16834.1 0
10 20
0.0 1.0 822
1.5 2.2 294
2.2 3.3 266
3.3 5.0 173
5.0 7.5 241
7.5 11.3 700
11.3 17.0 344
17.0 25.6 424
25.6 38.4 406
38.4 57.6 670
57.6 86.4 398
86.4 129.7 162
129.7 194.6 310
194.6 291.9 134
291.9 437.8 0
437.8 656.8 0
656.8 985.2 43
985.2 1477.8 0
1477.8 2216.8 0
2216.8 3325.2 0
3325.2 4987.8 0
4987.8 7481.8 0
7481.8 11222.7 0
11222.7 16834.1 0
20 30
0.0 1.0 1539
1.5 2.2 113
2.2 3.3 243
3.3 5.0 104
5.0 7.5 441
7.5 11.3 287
11.3 17.0 203
17.0 25.6 78
25.6 38.4 208
38.4 57.6 250
57.6 86.4 372
86.4 129.7 275
129.7 194.6 125
194.6 291.9 198
291.9 437.8 224
437.8 656.8 178
656.8 985.2 35
985.2 1477.8 24
1477.8 2216.8 29
2216.8 3325.2 0
3325.2 4987.8 0
4987.8 7481.8 60
7481.8 11222.7 0
11222.7 16834.1 0
30 40
0.0 1.0 1486
1.5 2.2 249
2.2 3.3 0
3.3 5.0 125
5.0 7.5 0
7.5 11.3 43
11.3 17.0 52
17.0 25.6 1
25.6 38.4 212
38.4 57.6 1
57.6 86.4 0
86.4 129.7 0
129.7 194.6 127
194.6 291.9 105
291.9 437.8 101
437.8 656.8 64
656.8 985.2 59
985.2 1477.8 0
1477.8 2216.8 60
2216.8 3325.2 0
3325.2 4987.8 0
4987.8 7481.8 0
7481.8 11222.7 0
11222.7 16834.1 0
40 50
0.0 1.0 2224
1.5 2.2 353
2.2 3.3 0
3.3 5.0 1
5.0 7.5 118
7.5 11.3 534
11.3 17.0 304
17.0 25.6 141
25.6 38.4 446
38.4 57.6 332
57.6 86.4 474
86.4 129.7 155
129.7 194.6 87
194.6 291.9 112
291.9 437.8 171
437.8 656.8 164
656.8 985.2 0
985.2 1477.8 82
1477.8 2216.8 0
2216.8 3325.2 0
3325.2 4987.8 0
4987.8 7481.8 0
7481.8 11222.7 0
11222.7 16834.1 0
50 60
0.0 1.0 1100
1.5 2.2 425
2.2 3.3 167
3.3 5.0 0
5.0 7.5 127
7.5 11.3 0
11.3 17.0 63
17.0 25.6 0
25.6 38.4 147
38.4 57.6 139
57.6 86.4 78
86.4 129.7 0
129.7 194.6 0
194.6 291.9 54
291.9 437.8 0
437.8 656.8 0
656.8 985.2 0
985.2 1477.8 0
1477.8 2216.8 0
2216.8 3325.2 0
3325.2 4987.8 0
4987.8 7481.8 0
7481.8 11222.7 0
11222.7 16834.1 0
60 70
0.0 1.0 1536
1.5 2.2 1843
2.2 3.3 2925
3.3 5.0 915
5.0 7.5 618
7.5 11.3 309
11.3 17.0 246
17.0 25.6 100
25.6 38.4 265
38.4 57.6 1
57.6 86.4 149
86.4 129.7 160
129.7 194.6 0
194.6 291.9 68
291.9 437.8 179
437.8 656.8 101
656.8 985.2 126
985.2 1477.8 0
1477.8 2216.8 0
2216.8 3325.2 0
3325.2 4987.8 0
4987.8 7481.8 0
7481.8 11222.7 0
11222.7 16834.1 0
70 80
0.0 1.0 1159
1.5 2.2 355
2.2 3.3 207
3.3 5.0 457
5.0 7.5 150
7.5 11.3 106
11.3 17.0 183
17.0 25.6 400
25.6 38.4 295
38.4 57.6 746
57.6 86.4 278
86.4 129.7 0
129.7 194.6 106
194.6 291.9 0
291.9 437.8 0
437.8 656.8 1
656.8 985.2 102
985.2 1477.8 0
1477.8 2216.8 0
2216.8 3325.2 0
3325.2 4987.8 0
4987.8 7481.8 0
7481.8 11222.7 0
11222.7 16834.1 0
80 90
0.0 1.0 536
1.5 2.2 134
2.2 3.3 0
3.3 5.0 51
5.0 7.5 30
7.5 11.3 145
11.3 17.0 220
17.0 25.6 0
25.6 38.4 0
38.4 57.6 280
57.6 86.4 54
86.4 129.7 62
129.7 194.6 0
194.6 291.9 105
291.9 437.8 55
437.8 656.8 0
656.8 985.2 30
985.2 1477.8 0
1477.8 2216.8 0
2216.8 3325.2 0
3325.2 4987.8 0
4987.8 7481.8 0
7481.8 11222.7 0
11222.7 16834.1 0
90 100
0.0 1.0 476
1.5 2.2 70
2.2 3.3 289
3.3 5.0 56
5.0 7.5 201
7.5 11.3 49
11.3 17.0 95
17.0 25.6 39
25.6 38.4 77
38.4 57.6 41
57.6 86.4 112
86.4 129.7 146
129.7 194.6 45
194.6 291.9 56
291.9 437.8 64
437.8 656.8 59
656.8 985.2 94
985.2 1477.8 23
1477.8 2216.8 0
2216.8 3325.2 0
3325.2 4987.8 0
4987.8 7481.8 0
7481.8 11222.7 0
11222.7 16834.1 0
100 110
0.0 1.0 1053
1.5 2.2 176
2.2 3.3 457
3.3 5.0 168
5.0 7.5 226
7.5 11.3 308
11.3 17.0 301
17.0 25.6 123
25.6 38.4 311
38.4 57.6 855
57.6 86.4 534
86.4 129.7 191
129.7 194.6 161
194.6 291.9 24
291.9 437.8 113
437.8 656.8 40
656.8 985.2 129
985.2 1477.8 2
1477.8 2216.8 58
2216.8 3325.2 9
3325.2 4987.8 0
4987.8 7481.8 0
7481.8 11222.7 0
11222.7 16834.1 0
110 120
0.0 1.0 2249
1.5 2.2 450
2.2 3.3 70
3.3 5.0 57
5.0 7.5 65
7.5 11.3 248
11.3 17.0 313
17.0 25.6 183
25.6 38.4 189
38.4 57.6 614
57.6 86.4 190
86.4 129.7 218
129.7 194.6 55
194.6 291.9 264
291.9 437.8 187
437.8 656.8 119
656.8 985.2 65
985.2 1477.8 0
1477.8 2216.8 0
2216.8 3325.2 0
3325.2 4987.8 0
4987.8 7481.8 0
7481.8 11222.7 0
11222.7 16834.1 0
120 130
0.0 1.0 1953
1.5 2.2 161
2.2 3.3 113
3.3 5.0 119
5.0 7.5 0
7.5 11.3 0
11.3 17.0 174
17.0 25.6 60
25.6 38.4 176
38.4 57.6 58
57.6 86.4 353
86.4 129.7 0
129.7 194.6 0
194.6 291.9 73
291.9 437.8 181
437.8 656.8 0
656.8 985.2 0
985.2 1477.8 0
1477.8 2216.8 74
2216.8 3325.2 69
3325.2 4987.8 0
4987.8 7481.8 0
7481.8 11222.7 0
11222.7 16834.1 0
130 140
0.0 1.0 1089
1.5 2.2 37
2.2 3.3 170
3.3 5.0 245
5.0 7.5 167
7.5 11.3 217
11.3 17.0 126
17.0 25.6 23
25.6 38.4 24
38.4 57.6 105
57.6 86.4 91
86.4 129.7 101
129.7 194.6 0
194.6 291.9 64
291.9 437.8 71
437.8 656.8 0
656.8 985.2 0
985.2 1477.8 0
1477.8 2216.8 0
2216.8 3325.2 0
3325.2 4987.8 0
4987.8 7481.8 0
7481.8 11222.7 0
11222.7 16834.1 0
140 150
0.0 1.0 2857
1.5 2.2 207
2.2 3.3 88
3.3 5.0 124
5.0 7.5 262
7.5 11.3 0
11.3 17.0 171
17.0 25.6 88
25.6 38.4 186
38.4 57.6 181
57.6 86.4 689
86.4 129.7 413
129.7 194.6 222
194.6 291.9 192
291.9 437.8 138
437.8 656.8 61
656.8 985.2 78
985.2 1477.8 49
1477.8 2216.8 0
2216.8 3325.2 24
3325.2 4987.8 0
4987.8 7481.8 0
7481.8 11222.7 0
11222.7 16834.1 0
150 160
0.0 1.0 3266
1.5 2.2 203
2.2 3.3 198
3.3 5.0 0
5.0 7.5 97
7.5 11.3 285
11.3 17.0 100
17.0 25.6 94
25.6 38.4 98
38.4 57.6 0
57.6 86.4 496
86.4 129.7 188
129.7 194.6 97
194.6 291.9 187
291.9 437.8 3
437.8 656.8 0
656.8 985.2 0
985.2 1477.8 90
1477.8 2216.8 0
2216.8 3325.2 0
3325.2 4987.8 0
4987.8 7481.8 0
7481.8 11222.7 0
11222.7 16834.1 0
160 170
0.0 1.0 1092
1.5 2.2 257
2.2 3.3 144
3.3 5.0 198
5.0 7.5 0
7.5 11.3 0
11.3 17.0 89
17.0 25.6 0
25.6 38.4 78
38.4 57.6 0
57.6 86.4 240
86.4 129.7 141
129.7 194.6 0
194.6 291.9 0
291.9 437.8 0
437.8 656.8 0
656.8 985.2 0
985.2 1477.8 0
1477.8 2216.8 66
2216.8 3325.2 0
3325.2 4987.8 0
4987.8 7481.8 0
7481.8 11222.7 0
11222.7 16834.1 0
170 180
0.0 1.0 1895
1.5 2.2 82
2.2 3.3 113
3.3 5.0 70
5.0 7.5 370
7.5 11.3 0
11.3 17.0 150
17.0 25.6 100
25.6 38.4 1
38.4 57.6 69
57.6 86.4 122
86.4 129.7 122
129.7 194.6 187
194.6 291.9 48
291.9 437.8 54
437.8 656.8 3
656.8 985.2 77
985.2 1477.8 66
1477.8 2216.8 0
2216.8 3325.2 0
3325.2 4987.8 0
4987.8 7481.8 0
7481.8 11222.7 0
11222.7 16834.1 0
180 190
0.0 1.0 1159
1.5 2.2 540
2.2 3.3 2
3.3 5.0 149
5.0 7.5 0
7.5 11.3 44
11.3 17.0 109
17.0 25.6 229
25.6 38.4 46
38.4 57.6 580
57.6 86.4 130
86.4 129.7 85
129.7 194.6 195
194.6 291.9 0
291.9 437.8 0
437.8 656.8 0
656.8 985.2 50
985.2 1477.8 0
1477.8 2216.8 0
2216.8 3325.2 0
3325.2 4987.8 0
4987.8 7481.8 0
7481.8 11222.7 0
11222.7 16834.1 0
190 200
0.0 1.0 2289
1.5 2.2 671
2.2 3.3 74
3.3 5.0 153
5.0 7.5 390
7.5 11.3 286
11.3 17.0 628
17.0 25.6 202
25.6 38.4 268
38.4 57.6 728
57.6 86.4 549
86.4 129.7 90
129.7 194.6 138
194.6 291.9 138
291.9 437.8 77
437.8 656.8 0
656.8 985.2 0
985.2 1477.8 0
1477.8 2216.8 0
2216.8 3325.2 0
3325.2 4987.8 0
4987.8 7481.8 0
7481.8 11222.7 0
11222.7 16834.1 0
200 210
0.0 1.0 2778
1.5 2.2 766
2.2 3.3 0
3.3 5.0 226
5.0 7.5 217
7.5 11.3 573
11.3 17.0 107
17.0 25.6 228
25.6 38.4 213
38.4 57.6 115
57.6 86.4 214
86.4 129.7 0
129.7 194.6 117
194.6 291.9 0
291.9 437.8 0
437.8 656.8 0
656.8 985.2 0
985.2 1477.8 0
1477.8 2216.8 0
2216.8 3325.2 0
3325.2 4987.8 0
4987.8 7481.8 0
7481.8 11222.7 0
11222.7 16834.1 0
210 220
0.0 1.0 2241
1.5 2.2 81
2.2 3.3 82
3.3 5.0 0
5.0 7.5 170
7.5 11.3 81
11.3 17.0 96
17.0 25.6 0
25.6 38.4 78
38.4 57.6 187
57.6 86.4 97
86.4 129.7 167
129.7 194.6 78
194.6 291.9 78
291.9 437.8 0
437.8 656.8 0
656.8 985.2 0
985.2 1477.8 0
1477.8 2216.8 0
2216.8 3325.2 0
3325.2 4987.8 0
4987.8 7481.8 0
7481.8 11222.7 0
11222.7 16834.1 0
220 230
0.0 1.0 1293
1.5 2.2 411
2.2 3.3 97
3.3 5.0 61
5.0 7.5 1
7.5 11.3 0
11.3 17.0 424
17.0 25.6 101
25.6 38.4 233
38.4 57.6 980
57.6 86.4 0
86.4 129.7 0
129.7 194.6 0
194.6 291.9 0
291.9 437.8 134
437.8 656.8 0
656.8 985.2 0
985.2 1477.8 0
1477.8 2216.8 0
2216.8 3325.2 0
3325.2 4987.8 0
4987.8 7481.8 0
7481.8 11222.7 0
11222.7 16834.1 0
230 240
0.0 1.0 631
1.5 2.2 0
2.2 3.3 52
3.3 5.0 73
5.0 7.5 52
7.5 11.3 0
11.3 17.0 47
17.0 25.6 0
25.6 38.4 93
38.4 57.6 1064
57.6 86.4 113
86.4 129.7 101
129.7 194.6 63
194.6 291.9 0
291.9 437.8 19
437.8 656.8 17
656.8 985.2 0
985.2 1477.8 90
1477.8 2216.8 67
2216.8 3325.2 0
3325.2 4987.8 0
4987.8 7481.8 0
7481.8 11222.7 0
11222.7 16834.1 0
240 250
0.0 1.0 1664
1.5 2.2 99
2.2 3.3 106
3.3 5.0 164
5.0 7.5 90
7.5 11.3 99
11.3 17.0 109
17.0 25.6 39
25.6 38.4 184
38.4 57.6 82
57.6 86.4 0
86.4 129.7 0
129.7 194.6 0
194.6 291.9 0
291.9 437.8 0
437.8 656.8 0
656.8 985.2 0
985.2 1477.8 0
1477.8 2216.8 0
2216.8 3325.2 0
3325.2 4987.8 0
4987.8 7481.8 0
7481.8 11222.7 0
11222.7 16834.1 0
250 260
0.0 1.0 1182
1.5 2.2 9
2.2 3.3 180
3.3 5.0 96
5.0 7.5 15
7.5 11.3 7
11.3 17.0 255
17.0 25.6 0
25.6 38.4 196
38.4 57.6 164
57.6 86.4 0
86.4 129.7 37
129.7 194.6 131
194.6 291.9 0
291.9 437.8 143
437.8 656.8 0
656.8 985.2 0
985.2 1477.8 0
1477.8 2216.8 0
2216.8 3325.2 0
3325.2 4987.8 0
4987.8 7481.8 0
7481.8 11222.7 0
11222.7 16834.1 0
260 270
0.0 1.0 1746
1.5 2.2 0
2.2 3.3 90
3.3 5.0 263
5.0 7.5 64
7.5 11.3 0
11.3 17.0 106
17.0 25.6 96
25.6 38.4 0
38.4 57.6 70
57.6 86.4 2
86.4 129.7 288
129.7 194.6 233
194.6 291.9 0
291.9 437.8 67
437.8 656.8 0
656.8 985.2 0
985.2 1477.8 0
1477.8 2216.8 0
2216.8 3325.2 0
3325.2 4987.8 0
4987.8 7481.8 0
7481.8 11222.7 0
11222.7 16834.1 0
270 280
0.0 1.0 3945
1.5 2.2 87
2.2 3.3 257
3.3 5.0 5
5.0 7.5 8
7.5 11.3 2
11.3 17.0 271
17.0 25.6 0
25.6 38.4 178
38.4 57.6 702
57.6 86.4 476
86.4 129.7 325
129.7 194.6 113
194.6 291.9 261
291.9 437.8 251
437.8 656.8 0
656.8 985.2 0
985.2 1477.8 0
1477.8 2216.8 0
2216.8 3325.2 0
3325.2 4987.8 0
4987.8 7481.8 0
7481.8 11222.7 0
11222.7 16834.1 0
280 290
0.0 1.0 4905
1.5 2.2 375
2.2 3.3 191
3.3 5.0 321
5.0 7.5 164
7.5 11.3 173
11.3 17.0 176
17.0 25.6 161
25.6 38.4 343
38.4 57.6 311
57.6 86.4 0
86.4 129.7 0
129.7 194.6 0
194.6 291.9 0
291.9 437.8 154
437.8 656.8 0
656.8 985.2 0
985.2 1477.8 0
1477.8 2216.8 0
2216.8 3325.2 0
3325.2 4987.8 0
4987.8 7481.8 0
7481.8 11222.7 0
11222.7 16834.1 0
290 300
0.0 1.0 1375
1.5 2.2 0
2.2 3.3 0
3.3 5.0 0
5.0 7.5 0
7.5 11.3 0
11.3 17.0 0
17.0 25.6 0
25.6 38.4 0
38.4 57.6 0
57.6 86.4 0
86.4 129.7 0
129.7 194.6 0
194.6 291.9 0
291.9 437.8 0
437.8 656.8 0
656.8 985.2 0
985.2 1477.8 0
1477.8 2216.8 0
2216.8 3325.2 0
3325.2 4987.8 0
4987.8 7481.8 0
7481.8 11222.7 0
11222.7 16834.1 0
300 310
0.0 1.0 2232
1.5 2.2 63
2.2 3.3 109
3.3 5.0 108
5.0 7.5 109
7.5 11.3 94
11.3 17.0 391
17.0 25.6 138
25.6 38.4 315
38.4 57.6 1174
57.6 86.4 0
86.4 129.7 0
129.7 194.6 109
194.6 291.9 85
291.9 437.8 0
437.8 656.8 70
656.8 985.2 0
985.2 1477.8 107
1477.8 2216.8 0
2216.8 3325.2 0
3325.2 4987.8 0
4987.8 7481.8 0
7481.8 11222.7 0
11222.7 16834.1 0
310 320
0.0 1.0 383
1.5 2.2 0
2.2 3.3 0
3.3 5.0 30
5.0 7.5 50
7.5 11.3 0
11.3 17.0 0
17.0 25.6 0
25.6 38.4 181
38.4 57.6 297
57.6 86.4 30
86.4 129.7 0
129.7 194.6 37
194.6 291.9 0
291.9 437.8 0
437.8 656.8 34
656.8 985.2 34
985.2 1477.8 0
1477.8 2216.8 0
2216.8 3325.2 0
3325.2 4987.8 0
4987.8 7481.8 0
7481.8 11222.7 0
11222.7 16834.1 0
320 330
0.0 1.0 1754
1.5 2.2 196
2.2 3.3 332
3.3 5.0 142
5.0 7.5 2040
7.5 11.3 2
11.3 17.0 103
17.0 25.6 0
25.6 38.4 163
38.4 57.6 0
57.6 86.4 0
86.4 129.7 0
129.7 194.6 0
194.6 291.9 81
291.9 437.8 63
437.8 656.8 0
656.8 985.2 5
985.2 1477.8 0
1477.8 2216.8 0
2216.8 3325.2 0
3325.2 4987.8 67
4987.8 7481.8 0
7481.8 11222.7 0
11222.7 16834.1 0
330 340
0.0 1.0 1933
1.5 2.2 1
2.2 3.3 0
3.3 5.0 178
5.0 7.5 163
7.5 11.3 175
11.3 17.0 0
17.0 25.6 284
25.6 38.4 43
38.4 57.6 173
57.6 86.4 184
86.4 129.7 0
129.7 194.6 118
194.6 291.9 19
291.9 437.8 156
437.8 656.8 0
656.8 985.2 0
985.2 1477.8 0
1477.8 2216.8 0
2216.8 3325.2 0
3325.2 4987.8 0
4987.8 7481.8 0
7481.8 11222.7 0
11222.7 16834.1 0
340 350
0.0 1.0 1365
1.5 2.2 254
2.2 3.3 0
3.3 5.0 130
5.0 7.5 155
7.5 11.3 0
11.3 17.0 0
17.0 25.6 0
25.6 38.4 0
38.4 57.6 125
57.6 86.4 0
86.4 129.7 0
129.7 194.6 0
194.6 291.9 0
291.9 437.8 0
437.8 656.8 0
656.8 985.2 143
985.2 1477.8 0
1477.8 2216.8 0
2216.8 3325.2 0
3325.2 4987.8 0
4987.8 7481.8 0
7481.8 11222.7 0
11222.7 16834.1 0
350 360
0.0 1.0 1457
1.5 2.2 201
2.2 3.3 107
3.3 5.0 220
5.0 7.5 0
7.5 11.3 0
11.3 17.0 128
17.0 25.6 0
25.6 38.4 107
38.4 57.6 125
57.6 86.4 0
86.4 129.7 0
129.7 194.6 0
194.6 291.9 0
291.9 437.8 0
437.8 656.8 0
656.8 985.2 0
985.2 1477.8 0
1477.8 2216.8 0
2216.8 3325.2 0
3325.2 4987.8 0
4987.8 7481.8 0
7481.8 11222.7 0
11222.7 16834.1 0
360 370
0.0 1.0 1948
1.5 2.2 551
2.2 3.3 500
3.3 5.0 159
5.0 7.5 0
7.5 11.3 2
11.3 17.0 56
17.0 25.6 0
25.6 38.4 144
38.4 57.6 208
57.6 86.4 0
86.4 129.7 163
129.7 194.6 251
194.6 291.9 0
291.9 437.8 0
437.8 656.8 0
656.8 985.2 0
985.2 1477.8 0
1477.8 2216.8 0
2216.8 3325.2 0
3325.2 4987.8 0
4987.8 7481.8 0
7481.8 11222.7 0
11222.7 16834.1 0
370 380
0.0 1.0 4852
1.5 2.2 467
2.2 3.3 85
3.3 5.0 192
5.0 7.5 0
7.5 11.3 0
11.3 17.0 271
17.0 25.6 89
25.6 38.4 230
38.4 57.6 265
57.6 86.4 100
86.4 129.7 150
129.7 194.6 0
194.6 291.9 240
291.9 437.8 0
437.8 656.8 10
656.8 985.2 6
985.2 1477.8 244
1477.8 2216.8 0
2216.8 3325.2 0
3325.2 4987.8 0
4987.8 7481.8 0
7481.8 11222.7 0
11222.7 16834.1 0
380 390
0.0 1.0 3004
1.5 2.2 831
2.2 3.3 458
3.3 5.0 337
5.0 7.5 317
7.5 11.3 418
11.3 17.0 320
17.0 25.6 0
25.6 38.4 172
38.4 57.6 275
57.6 86.4 0
86.4 129.7 217
129.7 194.6 0
194.6 291.9 0
291.9 437.8 0
437.8 656.8 0
656.8 985.2 0
985.2 1477.8 0
1477.8 2216.8 0
2216.8 3325.2 0
3325.2 4987.8 0
4987.8 7481.8 0
7481.8 11222.7 0
11222.7 16834.1 0
390 400
0.0 1.0 1972
1.5 2.2 306
2.2 3.3 39
3.3 5.0 296
5.0 7.5 472
7.5 11.3 0
11.3 17.0 62
17.0 25.6 0
25.6 38.4 294
38.4 57.6 63
57.6 86.4 76
86.4 129.7 30
129.7 194.6 173
194.6 291.9 0
291.9 437.8 59
437.8 656.8 64
656.8 985.2 87
985.2 1477.8 61
1477.8 2216.8 0
2216.8 3325.2 0
3325.2 4987.8 0
4987.8 7481.8 0
7481.8 11222.7 0
11222.7 16834.1 0
400 410
0.0 1.0 2077
1.5 2.2 235
2.2 3.3 675
3.3 5.0 126
5.0 7.5 450
7.5 11.3 59
11.3 17.0 175
17.0 25.6 210
25.6 38.4 75
38.4 57.6 39
57.6 86.4 62
86.4 129.7 163
129.7 194.6 202
194.6 291.9 132
291.9 437.8 86
437.8 656.8 645
656.8 985.2 36
985.2 1477.8 0
1477.8 2216.8 36
2216.8 3325.2 0
3325.2 4987.8 0
4987.8 7481.8 0
7481.8 11222.7 0
11222.7 16834.1 0
410 420
0.0 1.0 1883
1.5 2.2 168
2.2 3.3 134
3.3 5.0 40
5.0 7.5 341
7.5 11.3 72
11.3 17.0 187
17.0 25.6 222
25.6 38.4 197
38.4 57.6 69
57.6 86.4 25
86.4 129.7 0
129.7 194.6 261
194.6 291.9 123
291.9 437.8 93
437.8 656.8 27
656.8 985.2 38
985.2 1477.8 3
1477.8 2216.8 43
2216.8 3325.2 0
3325.2 4987.8 0
4987.8 7481.8 0
7481.8 11222.7 0
11222.7 16834.1 0
420 430
0.0 1.0 1165
1.5 2.2 245
2.2 3.3 196
3.3 5.0 210
5.0 7.5 323
7.5 11.3 168
11.3 17.0 144
17.0 25.6 253
25.6 38.4 198
38.4 57.6 221
57.6 86.4 251
86.4 129.7 146
129.7 194.6 196
194.6 291.9 195
291.9 437.8 147
437.8 656.8 124
656.8 985.2 52
985.2 1477.8 23
1477.8 2216.8 78
2216.8 3325.2 0
3325.2 4987.8 24
4987.8 7481.8 1
7481.8 11222.7 12
11222.7 16834.1 0
430 440
0.0 1.0 4736
1.5 2.2 163
2.2 3.3 228
3.3 5.0 417
5.0 7.5 79
7.5 11.3 447
11.3 17.0 538
17.0 25.6 160
25.6 38.4 342
38.4 57.6 533
57.6 86.4 246
86.4 129.7 382
129.7 194.6 348
194.6 291.9 558
291.9 437.8 624
437.8 656.8 172
656.8 985.2 261
985.2 1477.8 28
1477.8 2216.8 21
2216.8 3325.2 170
3325.2 4987.8 66
4987.8 7481.8 0
7481.8 11222.7 0
11222.7 16834.1 0
440 450
0.0 1.0 3552
1.5 2.2 164
2.2 3.3 644
3.3 5.0 472
5.0 7.5 378
7.5 11.3 553
11.3 17.0 613
17.0 25.6 750
25.6 38.4 327
38.4 57.6 1298
57.6 86.4 279
86.4 129.7 271
129.7 194.6 137
194.6 291.9 76
291.9 437.8 630
437.8 656.8 200
656.8 985.2 64
985.2 1477.8 22
1477.8 2216.8 32
2216.8 3325.2 0
3325.2 4987.8 0
4987.8 7481.8 0
7481.8 11222.7 0
11222.7 16834.1 0
450 460
0.0 1.0 2327
1.5 2.2 189
2.2 3.3 324
3.3 5.0 316
5.0 7.5 125
7.5 11.3 167
11.3 17.0 339
17.0 25.6 399
25.6 38.4 736
38.4 57.6 2031
57.6 86.4 525
86.4 129.7 226
129.7 194.6 458
194.6 291.9 104
291.9 437.8 77
437.8 656.8 171
656.8 985.2 102
985.2 1477.8 0
1477.8 2216.8 0
2216.8 3325.2 97
3325.2 4987.8 55
4987.8 7481.8 0
7481.8 11222.7 0
11222.7 16834.1 0
460 470
0.0 1.0 2738
1.5 2.2 297
2.2 3.3 185
3.3 5.0 145
5.0 7.5 139
7.5 11.3 354
11.3 17.0 307
17.0 25.6 376
25.6 38.4 420
38.4 57.6 244
57.6 86.4 300
86.4 129.7 100
129.7 194.6 584
194.6 291.9 149
291.9 437.8 269
437.8 656.8 139
656.8 985.2 65
985.2 1477.8 138
1477.8 2216.8 0
2216.8 3325.2 0
3325.2 4987.8 2
4987.8 7481.8 16
7481.8 11222.7 0
11222.7 16834.1 0
470 480
0.0 1.0 1502
1.5 2.2 417
2.2 3.3 503
3.3 5.0 370
5.0 7.5 565
7.5 11.3 219
11.3 17.0 402
17.0 25.6 506
25.6 38.4 740
38.4 57.6 2230
57.6 86.4 269
86.4 129.7 166
129.7 194.6 353
194.6 291.9 136
291.9 437.8 557
437.8 656.8 431
656.8 985.2 138
985.2 1477.8 38
1477.8 2216.8 84
2216.8 3325.2 33
3325.2 4987.8 0
4987.8 7481.8 0
7481.8 11222.7 0
11222.7 16834.1 0
480 490
0.0 1.0 3708
1.5 2.2 956
2.2 3.3 167
3.3 5.0 480
5.0 7.5 518
7.5 11.3 277
11.3 17.0 568
17.0 25.6 569
25.6 38.4 646
38.4 57.6 1900
57.6 86.4 797
86.4 129.7 445
129.7 194.6 413
194.6 291.9 122
291.9 437.8 211
437.8 656.8 73
656.8 985.2 6
985.2 1477.8 150
1477.8 2216.8 304
2216.8 3325.2 0
3325.2 4987.8 0
4987.8 7481.8 0
7481.8 11222.7 0
11222.7 16834.1 0
490 500
0.0 1.0 2693
1.5 2.2 57
2.2 3.3 426
3.3 5.0 89
5.0 7.5 28
7.5 11.3 196
11.3 17.0 222
17.0 25.6 418
25.6 38.4 152
38.4 57.6 192
57.6 86.4 714
86.4 129.7 172
129.7 194.6 145
194.6 291.9 1
291.9 437.8 223
437.8 656.8 103
656.8 985.2 0
985.2 1477.8 0
1477.8 2216.8 0
2216.8 3325.2 0
3325.2 4987.8 0
4987.8 7481.8 0
7481.8 11222.7 0
11222.7 16834.1 0
500 510
0.0 1.0 2406
1.5 2.2 507
2.2 3.3 232
3.3 5.0 488
5.0 7.5 37
7.5 11.3 386
11.3 17.0 384
17.0 25.6 360
25.6 38.4 289
38.4 57.6 823
57.6 86.4 197
86.4 129.7 180
129.7 194.6 217
194.6 291.9 136
291.9 437.8 184
437.8 656.8 110
656.8 985.2 42
985.2 1477.8 47
1477.8 2216.8 62
2216.8 3325.2 18
3325.2 4987.8 19
4987.8 7481.8 2
7481.8 11222.7 2
11222.7 16834.1 0
510 520
0.0 1.0 2820
1.5 2.2 599
2.2 3.3 314
3.3 5.0 59
5.0 7.5 242
7.5 11.3 472
11.3 17.0 346
17.0 25.6 313
25.6 38.4 313
38.4 57.6 3518
57.6 86.4 214
86.4 129.7 334
129.7 194.6 352
194.6 291.9 387
291.9 437.8 106
437.8 656.8 350
656.8 985.2 131
985.2 1477.8 122
1477.8 2216.8 88
2216.8 3325.2 33
3325.2 4987.8 15
4987.8 7481.8 0
7481.8 11222.7 0
11222.7 16834.1 0
520 530
0.0 1.0 1959
1.5 2.2 364
2.2 3.3 376
3.3 5.0 158
5.0 7.5 182
7.5 11.3 370
11.3 17.0 304
17.0 25.6 89
25.6 38.4 226
38.4 57.6 508
57.6 86.4 217
86.4 129.7 276
129.7 194.6 416
194.6 291.9 192
291.9 437.8 127
437.8 656.8 95
656.8 985.2 0
985.2 1477.8 74
1477.8 2216.8 22
2216.8 3325.2 23
3325.2 4987.8 0
4987.8 7481.8 0
7481.8 11222.7 0
11222.7 16834.1 0
530 540
0.0 1.0 2149
1.5 2.2 544
2.2 3.3 308
3.3 5.0 315
5.0 7.5 287
7.5 11.3 718
11.3 17.0 217
17.0 25.6 273
25.6 38.4 309
38.4 57.6 296
57.6 86.4 360
86.4 129.7 284
129.7 194.6 324
194.6 291.9 298
291.9 437.8 2
437.8 656.8 127
656.8 985.2 3
985.2 1477.8 123
1477.8 2216.8 105
2216.8 3325.2 0
3325.2 4987.8 0
4987.8 7481.8 0
7481.8 11222.7 0
11222.7 16834.1 0
540 550
0.0 1.0 2577
1.5 2.2 482
2.2 3.3 932
3.3 5.0 386
5.0 7.5 701
7.5 11.3 356
11.3 17.0 443
17.0 25.6 204
25.6 38.4 347
38.4 57.6 346
57.6 86.4 303
86.4 129.7 263
129.7 194.6 443
194.6 291.9 140
291.9 437.8 399
437.8 656.8 203
656.8 985.2 1
985.2 1477.8 65
1477.8 2216.8 0
2216.8 3325.2 0
3325.2 4987.8 0
4987.8 7481.8 0
7481.8 11222.7 0
11222.7 16834.1 0
550 560
0.0 1.0 2621
1.5 2.2 764
2.2 3.3 429
3.3 5.0 354
5.0 7.5 595
7.5 11.3 587
11.3 17.0 570
17.0 25.6 140
25.6 38.4 344
38.4 57.6 805
57.6 86.4 62
86.4 129.7 150
129.7 194.6 289
194.6 291.9 64
291.9 437.8 164
437.8 656.8 14
656.8 985.2 83
985.2 1477.8 58
1477.8 2216.8 123
2216.8 3325.2 0
3325.2 4987.8 0
4987.8 7481.8 0
7481.8 11222.7 0
11222.7 16834.1 0
560 570
0.0 1.0 3232
1.5 2.2 489
2.2 3.3 236
3.3 5.0 382
5.0 7.5 304
7.5 11.3 203
11.3 17.0 217
17.0 25.6 387
25.6 38.4 360
38.4 57.6 772
57.6 86.4 243
86.4 129.7 124
129.7 194.6 342
194.6 291.9 71
291.9 437.8 276
437.8 656.8 172
656.8 985.2 89
985.2 1477.8 40
1477.8 2216.8 0
2216.8 3325.2 15
3325.2 4987.8 0
4987.8 7481.8 0
7481.8 11222.7 0
11222.7 16834.1 0
570 580
0.0 1.0 5408
1.5 2.2 632
2.2 3.3 361
3.3 5.0 277
5.0 7.5 513
7.5 11.3 821
11.3 17.0 650
17.0 25.6 613
25.6 38.4 1105
38.4 57.6 1747
57.6 86.4 291
86.4 129.7 83
129.7 194.6 490
194.6 291.9 411
291.9 437.8 411
437.8 656.8 97
656.8 985.2 0
985.2 1477.8 0
1477.8 2216.8 0
2216.8 3325.2 0
3325.2 4987.8 0
4987.8 7481.8 0
7481.8 11222.7 0
11222.7 16834.1 0
580 590
0.0 1.0 3337
1.5 2.2 1444
2.2 3.3 0
3.3 5.0 243
5.0 7.5 284
7.5 11.3 1069
11.3 17.0 594
17.0 25.6 142
25.6 38.4 560
38.4 57.6 753
57.6 86.4 163
86.4 129.7 254
129.7 194.6 127
194.6 291.9 201
291.9 437.8 414
437.8 656.8 83
656.8 985.2 166
985.2 1477.8 0
1477.8 2216.8 0
2216.8 3325.2 0
3325.2 4987.8 0
4987.8 7481.8 0
7481.8 11222.7 0
11222.7 16834.1 0
590 600
0.0 1.0 3387
1.5 2.2 307
2.2 3.3 698
3.3 5.0 74
5.0 7.5 48
7.5 11.3 166
11.3 17.0 48
17.0 25.6 106
25.6 38.4 368
38.4 57.6 832
57.6 86.4 507
86.4 129.7 171
129.7 194.6 514
194.6 291.9 77
291.9 437.8 77
437.8 656.8 89
656.8 985.2 134
985.2 1477.8 0
1477.8 2216.8 0
2216.8 3325.2 0
3325.2 4987.8 0
4987.8 7481.8 0
7481.8 11222.7 0
11222.7 16834.1 0
600 610
0.0 1.0 3804
1.5 2.2 1019
2.2 3.3 225
3.3 5.0 402
5.0 7.5 110
7.5 11.3 219
11.3 17.0 679
17.0 25.6 513
25.6 38.4 728
38.4 57.6 1421
57.6 86.4 680
86.4 129.7 187
129.7 194.6 531
194.6 291.9 262
291.9 437.8 258
437.8 656.8 233
656.8 985.2 218
985.2 1477.8 80
1477.8 2216.8 281
2216.8 3325.2 0
3325.2 4987.8 0
4987.8 7481.8 0
7481.8 11222.7 0
11222.7 16834.1 0
610 620
0.0 1.0 2326
1.5 2.2 350
2.2 3.3 64
3.3 5.0 177
5.0 7.5 93
7.5 11.3 54
11.3 17.0 275
17.0 25.6 152
25.6 38.4 359
38.4 57.6 98
57.6 86.4 227
86.4 129.7 248
129.7 194.6 92
194.6 291.9 238
291.9 437.8 57
437.8 656.8 150
656.8 985.2 0
985.2 1477.8 140
1477.8 2216.8 0
2216.8 3325.2 0
3325.2 4987.8 0
4987.8 7481.8 0
7481.8 11222.7 0
11222.7 16834.1 0
620 630
0.0 1.0 3581
1.5 2.2 527
2.2 3.3 113
3.3 5.0 13
5.0 7.5 156
7.5 11.3 71
11.3 17.0 67
17.0 25.6 153
25.6 38.4 304
38.4 57.6 214
57.6 86.4 125
86.4 129.7 125
129.7 194.6 280
194.6 291.9 146
291.9 437.8 131
437.8 656.8 82
656.8 985.2 16
985.2 1477.8 24
1477.8 2216.8 122
2216.8 3325.2 0
3325.2 4987.8 36
4987.8 7481.8 0
7481.8 11222.7 0
11222.7 16834.1 0
630 640
0.0 1.0 3324
1.5 2.2 838
2.2 3.3 553
3.3 5.0 445
5.0 7.5 623
7.5 11.3 600
11.3 17.0 496
17.0 25.6 443
25.6 38.4 573
38.4 57.6 1201
57.6 86.4 400
86.4 129.7 222
129.7 194.6 218
194.6 291.9 0
291.9 437.8 187
437.8 656.8 1
656.8 985.2 280
985.2 1477.8 0
1477.8 2216.8 2
2216.8 3325.2 58
3325.2 4987.8 0
4987.8 7481.8 0
7481.8 11222.7 0
11222.7 16834.1 0
640 650
0.0 1.0 2334
1.5 2.2 309
2.2 3.3 1028
3.3 5.0 208
5.0 7.5 312
7.5 11.3 459
11.3 17.0 616
17.0 25.6 574
25.6 38.4 196
38.4 57.6 714
57.6 86.4 229
86.4 129.7 484
129.7 194.6 511
194.6 291.9 270
291.9 437.8 147
437.8 656.8 344
656.8 985.2 0
985.2 1477.8 0
1477.8 2216.8 63
2216.8 3325.2 0
3325.2 4987.8 0
4987.8 7481.8 0
7481.8 11222.7 0
11222.7 16834.1 0
650 660
0.0 1.0 3383
1.5 2.2 251
2.2 3.3 223
3.3 5.0 70
5.0 7.5 242
7.5 11.3 437
11.3 17.0 517
17.0 25.6 510
25.6 38.4 922
38.4 57.6 1049
57.6 86.4 338
86.4 129.7 435
129.7 194.6 492
194.6 291.9 84
291.9 437.8 432
437.8 656.8 114
656.8 985.2 0
985.2 1477.8 0
1477.8 2216.8 0
2216.8 3325.2 0
3325.2 4987.8 0
4987.8 7481.8 0
7481.8 11222.7 0
11222.7 16834.1 0
660 670
0.0 1.0 3326
1.5 2.2 353
2.2 3.3 572
3.3 5.0 113
5.0 7.5 595
7.5 11.3 376
11.3 17.0 1168
17.0 25.6 237
25.6 38.4 577
38.4 57.6 1626
57.6 86.4 146
86.4 129.7 83
129.7 194.6 759
194.6 291.9 451
291.9 437.8 857
437.8 656.8 104
656.8 985.2 0
985.2 1477.8 100
1477.8 2216.8 0
2216.8 3325.2 0
3325.2 4987.8 0
4987.8 7481.8 0
7481.8 11222.7 0
11222.7 16834.1 0
670 680
0.0 1.0 2969
1.5 2.2 276
2.2 3.3 142
3.3 5.0 274
5.0 7.5 194
7.5 11.3 339
11.3 17.0 284
17.0 25.6 355
25.6 38.4 487
38.4 57.6 465
57.6 86.4 136
86.4 129.7 254
129.7 194.6 4
194.6 291.9 119
291.9 437.8 139
437.8 656.8 1
656.8 985.2 78
985.2 1477.8 0
1477.8 2216.8 151
2216.8 3325.2 0
3325.2 4987.8 0
4987.8 7481.8 0
7481.8 11222.7 0
11222.7 16834.1 0
680 690
0.0 1.0 2392
1.5 2.2 488
2.2 3.3 239
3.3 5.0 52
5.0 7.5 177
7.5 11.3 429
11.3 17.0 100
17.0 25.6 89
25.6 38.4 154
38.4 57.6 165
57.6 86.4 109
86.4 129.7 71
129.7 194.6 57
194.6 291.9 32
291.9 437.8 30
437.8 656.8 0
656.8 985.2 0
985.2 1477.8 0
1477.8 2216.8 18
2216.8 3325.2 0
3325.2 4987.8 0
4987.8 7481.8 0
7481.8 11222.7 0
11222.7 16834.1 0
690 700
0.0 1.0 3192
1.5 2.2 281
2.2 3.3 288
3.3 5.0 190
5.0 7.5 175
7.5 11.3 176
11.3 17.0 176
17.0 25.6 263
25.6 38.4 315
38.4 57.6 567
57.6 86.4 358
86.4 129.7 221
129.7 194.6 106
194.6 291.9 126
291.9 437.8 30
437.8 656.8 17
656.8 985.2 217
985.2 1477.8 136
1477.8 2216.8 0
2216.8 3325.2 33
3325.2 4987.8 0
4987.8 7481.8 0
7481.8 11222.7 0
11222.7 16834.1 0
700 710
0.0 1.0 3332
1.5 2.2 905
2.2 3.3 543
3.3 5.0 740
5.0 7.5 251
7.5 11.3 595
11.3 17.0 407
17.0 25.6 616
25.6 38.4 609
38.4 57.6 801
57.6 86.4 654
86.4 129.7 361
129.7 194.6 388
194.6 291.9 172
291.9 437.8 10
437.8 656.8 240
656.8 985.2 0
985.2 1477.8 128
1477.8 2216.8 143
2216.8 3325.2 56
3325.2 4987.8 0
4987.8 7481.8 0
7481.8 11222.7 0
11222.7 16834.1 0
710 720
0.0 1.0 2433
1.5 2.2 323
2.2 3.3 466
3.3 5.0 121
5.0 7.5 738
7.5 11.3 431
11.3 17.0 716
17.0 25.6 503
25.6 38.4 619
38.4 57.6 544
57.6 86.4 890
86.4 129.7 2
129.7 194.6 232
194.6 291.9 124
291.9 437.8 609
437.8 656.8 61
656.8 985.2 172
985.2 1477.8 0
1477.8 2216.8 0
2216.8 3325.2 0
3325.2 4987.8 0
4987.8 7481.8 0
7481.8 11222.7 0
11222.7 16834.1 0
720 730
0.0 1.0 3530
1.5 2.2 778
2.2 3.3 243
3.3 5.0 66
5.0 7.5 43
7.5 11.3 53
11.3 17.0 633
17.0 25.6 119
25.6 38.4 585
38.4 57.6 882
57.6 86.4 437
86.4 129.7 484
129.7 194.6 548
194.6 291.9 163
291.9 437.8 266
437.8 656.8 160
656.8 985.2 72
985.2 1477.8 132
1477.8 2216.8 0
2216.8 3325.2 53
3325.2 4987.8 0
4987.8 7481.8 0
7481.8 11222.7 0
11222.7 16834.1 0
730 740
0.0 1.0 2696
1.5 2.2 1340
2.2 3.3 250
3.3 5.0 163
5.0 7.5 249
7.5 11.3 200
11.3 17.0 247
17.0 25.6 275
25.6 38.4 149
38.4 57.6 642
57.6 86.4 134
86.4 129.7 0
129.7 194.6 54
194.6 291.9 0
291.9 437.8 0
437.8 656.8 0
656.8 985.2 94
985.2 1477.8 102
1477.8 2216.8 0
2216.8 3325.2 0
3325.2 4987.8 0
4987.8 7481.8 0
7481.8 11222.7 0
11222.7 16834.1 0
740 750
0.0 1.0 1335
1.5 2.2 297
2.2 3.3 204
3.3 5.0 27
5.0 7.5 95
7.5 11.3 118
11.3 17.0 512
17.0 25.6 389
25.6 38.4 316
38.4 57.6 1764
57.6 86.4 277
86.4 129.7 170
129.7 194.6 411
194.6 291.9 97
291.9 437.8 147
437.8 656.8 147
656.8 985.2 0
985.2 1477.8 2
1477.8 2216.8 85
2216.8 3325.2 0
3325.2 4987.8 0
4987.8 7481.8 0
7481.8 11222.7 0
11222.7 16834.1 0
750 760
0.0 1.0 3245
1.5 2.2 1238
2.2 3.3 837
3.3 5.0 765
5.0 7.5 117
7.5 11.3 0
11.3 17.0 365
17.0 25.6 520
25.6 38.4 541
38.4 57.6 283
57.6 86.4 276
86.4 129.7 120
129.7 194.6 176
194.6 291.9 108
291.9 437.8 145
437.8 656.8 0
656.8 985.2 82
985.2 1477.8 8
1477.8 2216.8 132
2216.8 3325.2 0
3325.2 4987.8 0
4987.8 7481.8 0
7481.8 11222.7 0
11222.7 16834.1 0
760 770
0.0 1.0 2367
1.5 2.2 614
2.2 3.3 217
3.3 5.0 541
5.0 7.5 802
7.5 11.3 299
11.3 17.0 233
17.0 25.6 443
25.6 38.4 554
38.4 57.6 472
57.6 86.4 446
86.4 129.7 13
129.7 194.6 63
194.6 291.9 169
291.9 437.8 82
437.8 656.8 23
656.8 985.2 21
985.2 1477.8 23
1477.8 2216.8 15
2216.8 3325.2 16
3325.2 4987.8 0
4987.8 7481.8 2
7481.8 11222.7 5
11222.7 16834.1 0
770 780
0.0 1.0 5611
1.5 2.2 437
2.2 3.3 352
3.3 5.0 524
5.0 7.5 477
7.5 11.3 374
11.3 17.0 391
17.0 25.6 359
25.6 38.4 30
38.4 57.6 325
57.6 86.4 190
86.4 129.7 153
129.7 194.6 191
194.6 291.9 37
291.9 437.8 191
437.8 656.8 1
656.8 985.2 19
985.2 1477.8 0
1477.8 2216.8 0
2216.8 3325.2 0
3325.2 4987.8 0
4987.8 7481.8 0
7481.8 11222.7 0
11222.7 16834.1 0
780 790
0.0 1.0 3986
1.5 2.2 648
2.2 3.3 510
3.3 5.0 296
5.0 7.5 334
7.5 11.3 405
11.3 17.0 519
17.0 25.6 416
25.6 38.4 498
38.4 57.6 453
57.6 86.4 108
86.4 129.7 319
129.7 194.6 157
194.6 291.9 237
291.9 437.8 128
437.8 656.8 5
656.8 985.2 116
985.2 1477.8 19
1477.8 2216.8 41
2216.8 3325.2 2
3325.2 4987.8 7
4987.8 7481.8 0
7481.8 11222.7 0
11222.7 16834.1 0
790 800
0.0 1.0 3340
1.5 2.2 651
2.2 3.3 1738
3.3 5.0 717
5.0 7.5 499
7.5 11.3 370
11.3 17.0 706
17.0 25.6 419
25.6 38.4 473
38.4 57.6 3297
57.6 86.4 555
86.4 129.7 278
129.7 194.6 334
194.6 291.9 190
291.9 437.8 517
437.8 656.8 0
656.8 985.2 0
985.2 1477.8 32
1477.8 2216.8 0
2216.8 3325.2 0
3325.2 4987.8 0
4987.8 7481.8 0
7481.8 11222.7 0
11222.7 16834.1 0
800 810
0.0 1.0 3405
1.5 2.2 243
2.2 3.3 392
3.3 5.0 491
5.0 7.5 114
7.5 11.3 218
11.3 17.0 527
17.0 25.6 546
25.6 38.4 189
38.4 57.6 1081
57.6 86.4 193
86.4 129.7 0
129.7 194.6 90
194.6 291.9 131
291.9 437.8 355
437.8 656.8 94
656.8 985.2 192
985.2 1477.8 92
1477.8 2216.8 0
2216.8 3325.2 0
3325.2 4987.8 0
4987.8 7481.8 0
7481.8 11222.7 0
11222.7 16834.1 0
810 820
0.0 1.0 1949
1.5 2.2 180
2.2 3.3 0
3.3 5.0 76
5.0 7.5 340
7.5 11.3 134
11.3 17.0 254
17.0 25.6 247
25.6 38.4 208
38.4 57.6 93
57.6 86.4 96
86.4 129.7 152
129.7 194.6 152
194.6 291.9 0
291.9 437.8 300
437.8 656.8 0
656.8 985.2 93
985.2 1477.8 0
1477.8 2216.8 0
2216.8 3325.2 0
3325.2 4987.8 0
4987.8 7481.8 0
7481.8 11222.7 0
11222.7 16834.1 0
820 830
0.0 1.0 2628
1.5 2.2 474
2.2 3.3 1009
3.3 5.0 210
5.0 7.5 318
7.5 11.3 618
11.3 17.0 409
17.0 25.6 104
25.6 38.4 354
38.4 57.6 166
57.6 86.4 270
86.4 129.7 117
129.7 194.6 319
194.6 291.9 138
291.9 437.8 70
437.8 656.8 4
656.8 985.2 109
985.2 1477.8 13
1477.8 2216.8 107
2216.8 3325.2 0
3325.2 4987.8 0
4987.8 7481.8 0
7481.8 11222.7 0
11222.7 16834.1 0
830 840
0.0 1.0 1451
1.5 2.2 278
2.2 3.3 191
3.3 5.0 145
5.0 7.5 212
7.5 11.3 123
11.3 17.0 410
17.0 25.6 305
25.6 38.4 196
38.4 57.6 410
57.6 86.4 105
86.4 129.7 170
129.7 194.6 159
194.6 291.9 202
291.9 437.8 0
437.8 656.8 0
656.8 985.2 68
985.2 1477.8 0
1477.8 2216.8 7
2216.8 3325.2 0
3325.2 4987.8 32
4987.8 7481.8 8
7481.8 11222.7 0
11222.7 16834.1 0
840 850
0.0 1.0 1687
1.5 2.2 1014
2.2 3.3 370
3.3 5.0 581
5.0 7.5 404
7.5 11.3 240
11.3 17.0 393
17.0 25.6 97
25.6 38.4 247
38.4 57.6 520
57.6 86.4 349
86.4 129.7 458
129.7 194.6 186
194.6 291.9 174
291.9 437.8 178
437.8 656.8 110
656.8 985.2 63
985.2 1477.8 74
1477.8 2216.8 20
2216.8 3325.2 56
3325.2 4987.8 5
4987.8 7481.8 0
7481.8 11222.7 0
11222.7 16834.1 0
850 860
0.0 1.0 2080
1.5 2.2 745
2.2 3.3 148
3.3 5.0 549
5.0 7.5 166
7.5 11.3 294
11.3 17.0 355
17.0 25.6 303
25.6 38.4 463
38.4 57.6 230
57.6 86.4 301
86.4 129.7 161
129.7 194.6 302
194.6 291.9 245
291.9 437.8 143
437.8 656.8 67
656.8 985.2 67
985.2 1477.8 91
1477.8 2216.8 49
2216.8 3325.2 86
3325.2 4987.8 5
4987.8 7481.8 0
7481.8 11222.7 0
11222.7 16834.1 0
860 870
0.0 1.0 2604
1.5 2.2 435
2.2 3.3 301
3.3 5.0 365
5.0 7.5 538
7.5 11.3 804
11.3 17.0 365
17.0 25.6 642
25.6 38.4 625
38.4 57.6 208
57.6 86.4 546
86.4 129.7 513
129.7 194.6 725
194.6 291.9 421
291.9 437.8 250
437.8 656.8 193
656.8 985.2 104
985.2 1477.8 149
1477.8 2216.8 132
2216.8 3325.2 35
3325.2 4987.8 0
4987.8 7481.8 0
7481.8 11222.7 0
11222.7 16834.1 0
870 880
0.0 1.0 1145
1.5 2.2 331
2.2 3.3 93
3.3 5.0 210
5.0 7.5 246
7.5 11.3 71
11.3 17.0 351
17.0 25.6 247
25.6 38.4 401
38.4 57.6 480
57.6 86.4 360
86.4 129.7 182
129.7 194.6 269
194.6 291.9 220
291.9 437.8 240
437.8 656.8 108
656.8 985.2 134
985.2 1477.8 58
1477.8 2216.8 42
2216.8 3325.2 2
3325.2 4987.8 37
4987.8 7481.8 0
7481.8 11222.7 0
11222.7 16834.1 0
880 890
0.0 1.0 2051
1.5 2.2 624
2.2 3.3 522
3.3 5.0 763
5.0 7.5 469
7.5 11.3 319
11.3 17.0 420
17.0 25.6 491
25.6 38.4 462
38.4 57.6 594
57.6 86.4 665
86.4 129.7 219
129.7 194.6 377
194.6 291.9 209
291.9 437.8 296
437.8 656.8 102
656.8 985.2 73
985.2 1477.8 95
1477.8 2216.8 47
2216.8 3325.2 38
3325.2 4987.8 11
4987.8 7481.8 0
7481.8 11222.7 0
11222.7 16834.1 0
890 900
0.0 1.0 1552
1.5 2.2 689
2.2 3.3 139
3.3 5.0 366
5.0 7.5 623
7.5 11.3 337
11.3 17.0 953
17.0 25.6 560
25.6 38.4 535
38.4 57.6 1173
57.6 86.4 1301
86.4 129.7 391
129.7 194.6 334
194.6 291.9 317
291.9 437.8 367
437.8 656.8 105
656.8 985.2 18
985.2 1477.8 46
1477.8 2216.8 19
2216.8 3325.2 0
3325.2 4987.8 0
4987.8 7481.8 0
7481.8 11222.7 17
11222.7 16834.1 0
900 910
0.0 1.0 1037
1.5 2.2 252
2.2 3.3 143
3.3 5.0 270
5.0 7.5 338
7.5 11.3 334
11.3 17.0 475
17.0 25.6 195
25.6 38.4 313
38.4 57.6 769
57.6 86.4 570
86.4 129.7 224
129.7 194.6 436
194.6 291.9 1356
291.9 437.8 171
437.8 656.8 214
656.8 985.2 107
985.2 1477.8 54
1477.8 2216.8 73
2216.8 3325.2 4
3325.2 4987.8 1
4987.8 7481.8 2
7481.8 11222.7 0
11222.7 16834.1 0
910 920
0.0 1.0 1965
1.5 2.2 321
2.2 3.3 122
3.3 5.0 421
5.0 7.5 433
7.5 11.3 214
11.3 17.0 379
17.0 25.6 238
25.6 38.4 912
38.4 57.6 1390
57.6 86.4 474
86.4 129.7 380
129.7 194.6 430
194.6 291.9 2708
291.9 437.8 243
437.8 656.8 118
656.8 985.2 242
985.2 1477.8 5
1477.8 2216.8 34
2216.8 3325.2 18
3325.2 4987.8 0
4987.8 7481.8 0
7481.8 11222.7 0
11222.7 16834.1 0
920 930
0.0 1.0 1772
1.5 2.2 176
2.2 3.3 139
3.3 5.0 242
5.0 7.5 311
7.5 11.3 79
11.3 17.0 442
17.0 25.6 186
25.6 38.4 286
38.4 57.6 280
57.6 86.4 427
86.4 129.7 472
129.7 194.6 729
194.6 291.9 1245
291.9 437.8 319
437.8 656.8 241
656.8 985.2 225
985.2 1477.8 49
1477.8 2216.8 75
2216.8 3325.2 81
3325.2 4987.8 0
4987.8 7481.8 17
7481.8 11222.7 0
11222.7 16834.1 0
930 940
0.0 1.0 2490
1.5 2.2 360
2.2 3.3 425
3.3 5.0 67
5.0 7.5 67
7.5 11.3 301
11.3 17.0 517
17.0 25.6 188
25.6 38.4 405
38.4 57.6 375
57.6 86.4 54
86.4 129.7 143
129.7 194.6 226
194.6 291.9 852
291.9 437.8 153
437.8 656.8 43
656.8 985.2 193
985.2 1477.8 140
1477.8 2216.8 45
2216.8 3325.2 0
3325.2 4987.8 0
4987.8 7481.8 0
7481.8 11222.7 0
11222.7 16834.1 0
940 950
0.0 1.0 2353
1.5 2.2 195
2.2 3.3 339
3.3 5.0 105
5.0 7.5 268
7.5 11.3 319
11.3 17.0 418
17.0 25.6 181
25.6 38.4 324
38.4 57.6 846
57.6 86.4 473
86.4 129.7 246
129.7 194.6 192
194.6 291.9 184
291.9 437.8 84
437.8 656.8 34
656.8 985.2 137
985.2 1477.8 49
1477.8 2216.8 31
2216.8 3325.2 0
3325.2 4987.8 41
4987.8 7481.8 0
7481.8 11222.7 0
11222.7 16834.1 0
950 960
0.0 1.0 1455
1.5 2.2 359
2.2 3.3 251
3.3 5.0 303
5.0 7.5 265
7.5 11.3 234
11.3 17.0 418
17.0 25.6 491
25.6 38.4 302
38.4 57.6 546
57.6 86.4 463
86.4 129.7 229
129.7 194.6 333
194.6 291.9 340
291.9 437.8 260
437.8 656.8 225
656.8 985.2 66
985.2 1477.8 65
1477.8 2216.8 17
2216.8 3325.2 32
3325.2 4987.8 37
4987.8 7481.8 0
7481.8 11222.7 0
11222.7 16834.1 0
960 970
0.0 1.0 2779
1.5 2.2 639
2.2 3.3 532
3.3 5.0 221
5.0 7.5 451
7.5 11.3 356
11.3 17.0 689
17.0 25.6 613
25.6 38.4 828
38.4 57.6 1072
57.6 86.4 554
86.4 129.7 501
129.7 194.6 398
194.6 291.9 103
291.9 437.8 168
437.8 656.8 105
656.8 985.2 43
985.2 1477.8 27
1477.8 2216.8 88
2216.8 3325.2 0
3325.2 4987.8 0
4987.8 7481.8 0
7481.8 11222.7 0
11222.7 16834.1 0
970 980
0.0 1.0 2434
1.5 2.2 645
2.2 3.3 466
3.3 5.0 200
5.0 7.5 525
7.5 11.3 408
11.3 17.0 664
17.0 25.6 659
25.6 38.4 701
38.4 57.6 1105
57.6 86.4 440
86.4 129.7 547
129.7 194.6 235
194.6 291.9 420
291.9 437.8 480
437.8 656.8 136
656.8 985.2 184
985.2 1477.8 144
1477.8 2216.8 0
2216.8 3325.2 0
3325.2 4987.8 0
4987.8 7481.8 0
7481.8 11222.7 0
11222.7 16834.1 0
980 990
0.0 1.0 3751
1.5 2.2 1402
2.2 3.3 194
3.3 5.0 479
5.0 7.5 66
7.5 11.3 366
11.3 17.0 1024
17.0 25.6 210
25.6 38.4 1128
38.4 57.6 1734
57.6 86.4 889
86.4 129.7 178
129.7 194.6 239
194.6 291.9 121
291.9 437.8 371
437.8 656.8 0
656.8 985.2 0
985.2 1477.8 192
1477.8 2216.8 217
2216.8 3325.2 0
3325.2 4987.8 0
4987.8 7481.8 0
7481.8 11222.7 0
11222.7 16834.1 0
990 1000
0.0 1.0 2616
1.5 2.2 460
2.2 3.3 391
3.3 5.0 76
5.0 7.5 144
7.5 11.3 288
11.3 17.0 727
17.0 25.6 313
25.6 38.4 357
38.4 57.6 872
57.6 86.4 941
86.4 129.7 297
129.7 194.6 859
194.6 291.9 140
291.9 437.8 726
437.8 656.8 287
656.8 985.2 335
985.2 1477.8 59
1477.8 2216.8 0
2216.8 3325.2 0
3325.2 4987.8 0
4987.8 7481.8 0
7481.8 11222.7 0
11222.7 16834.1 0
1000 1010
0.0 1.0 2284
1.5 2.2 723
2.2 3.3 185
3.3 5.0 231
5.0 7.5 98
7.5 11.3 108
11.3 17.0 678
17.0 25.6 391
25.6 38.4 64
38.4 57.6 111
57.6 86.4 738
86.4 129.7 113
129.7 194.6 217
194.6 291.9 36
291.9 437.8 636
437.8 656.8 91
656.8 985.2 95
985.2 1477.8 32
1477.8 2216.8 29
2216.8 3325.2 117
3325.2 4987.8 0
4987.8 7481.8 0
7481.8 11222.7 0
11222.7 16834.1 0
1010 1020
0.0 1.0 2142
1.5 2.2 724
2.2 3.3 101
3.3 5.0 189
5.0 7.5 283
7.5 11.3 57
11.3 17.0 501
17.0 25.6 289
25.6 38.4 243
38.4 57.6 485
57.6 86.4 397
86.4 129.7 476
129.7 194.6 491
194.6 291.9 152
291.9 437.8 310
437.8 656.8 401
656.8 985.2 144
985.2 1477.8 33
1477.8 2216.8 0
2216.8 3325.2 0
3325.2 4987.8 0
4987.8 7481.8 0
7481.8 11222.7 0
11222.7 16834.1 0
1020 1030
0.0 1.0 1849
1.5 2.2 397
2.2 3.3 99
3.3 5.0 283
5.0 7.5 446
7.5 11.3 316
11.3 17.0 347
17.0 25.6 269
25.6 38.4 300
38.4 57.6 505
57.6 86.4 712
86.4 129.7 283
129.7 194.6 288
194.6 291.9 216
291.9 437.8 177
437.8 656.8 36
656.8 985.2 112
985.2 1477.8 0
1477.8 2216.8 0
2216.8 3325.2 0
3325.2 4987.8 0
4987.8 7481.8 0
7481.8 11222.7 0
11222.7 16834.1 0
1030 1040
0.0 1.0 2790
1.5 2.2 1013
2.2 3.3 811
3.3 5.0 445
5.0 7.5 262
7.5 11.3 253
11.3 17.0 556
17.0 25.6 537
25.6 38.4 454
38.4 57.6 373
57.6 86.4 803
86.4 129.7 136
129.7 194.6 392
194.6 291.9 151
291.9 437.8 224
437.8 656.8 1
656.8 985.2 1
985.2 1477.8 50
1477.8 2216.8 0
2216.8 3325.2 0
3325.2 4987.8 0
4987.8 7481.8 0
7481.8 11222.7 0
11222.7 16834.1 0
1040 1050
0.0 1.0 1954
1.5 2.2 706
2.2 3.3 336
3.3 5.0 403
5.0 7.5 147
7.5 11.3 416
11.3 17.0 452
17.0 25.6 220
25.6 38.4 476
38.4 57.6 590
57.6 86.4 406
86.4 129.7 517
129.7 194.6 161
194.6 291.9 399
291.9 437.8 121
437.8 656.8 75
656.8 985.2 72
985.2 1477.8 74
1477.8 2216.8 41
2216.8 3325.2 0
3325.2 4987.8 0
4987.8 7481.8 0
7481.8 11222.7 0
11222.7 16834.1 31
1050 1060
0.0 1.0 1835
1.5 2.2 426
2.2 3.3 327
3.3 5.0 272
5.0 7.5 260
7.5 11.3 328
11.3 17.0 464
17.0 25.6 451
25.6 38.4 256
38.4 57.6 267
57.6 86.4 896
86.4 129.7 180
129.7 194.6 292
194.6 291.9 313
291.9 437.8 175
437.8 656.8 95
656.8 985.2 80
985.2 1477.8 0
1477.8 2216.8 84
2216.8 3325.2 0
3325.2 4987.8 0
4987.8 7481.8 0
7481.8 11222.7 0
11222.7 16834.1 0
1060 1070
0.0 1.0 3061
1.5 2.2 1010
2.2 3.3 349
3.3 5.0 524
5.0 7.5 625
7.5 11.3 389
11.3 17.0 507
17.0 25.6 394
25.6 38.4 392
38.4 57.6 576
57.6 86.4 629
86.4 129.7 208
129.7 194.6 421
194.6 291.9 380
291.9 437.8 180
437.8 656.8 181
656.8 985.2 67
985.2 1477.8 28
1477.8 2216.8 3
2216.8 3325.2 0
3325.2 4987.8 0
4987.8 7481.8 0
7481.8 11222.7 0
11222.7 16834.1 0
1070 1080
0.0 1.0 2390
1.5 2.2 333
2.2 3.3 135
3.3 5.0 153
5.0 7.5 269
7.5 11.3 846
11.3 17.0 926
17.0 25.6 306
25.6 38.4 320
38.4 57.6 454
57.6 86.4 1017
86.4 129.7 190
129.7 194.6 365
194.6 291.9 160
291.9 437.8 92
437.8 656.8 549
656.8 985.2 129
985.2 1477.8 14
1477.8 2216.8 23
2216.8 3325.2 0
3325.2 4987.8 22
4987.8 7481.8 0
7481.8 11222.7 0
11222.7 16834.1 0
1080 1090
0.0 1.0 3265
1.5 2.2 408
2.2 3.3 372
3.3 5.0 504
5.0 7.5 145
7.5 11.3 259
11.3 17.0 415
17.0 25.6 403
25.6 38.4 435
38.4 57.6 392
57.6 86.4 479
86.4 129.7 220
129.7 194.6 250
194.6 291.9 148
291.9 437.8 256
437.8 656.8 0
656.8 985.2 0
985.2 1477.8 66
1477.8 2216.8 0
2216.8 3325.2 0
3325.2 4987.8 0
4987.8 7481.8 0
7481.8 11222.7 0
11222.7 16834.1 0
1090 1100
0.0 1.0 1232
1.5 2.2 170
2.2 3.3 111
3.3 5.0 123
5.0 7.5 109
7.5 11.3 208
11.3 17.0 372
17.0 25.6 87
25.6 38.4 371
38.4 57.6 312
57.6 86.4 546
86.4 129.7 304
129.7 194.6 311
194.6 291.9 87
291.9 437.8 148
437.8 656.8 0
656.8 985.2 46
985.2 1477.8 38
1477.8 2216.8 45
2216.8 3325.2 68
3325.2 4987.8 0
4987.8 7481.8 0
7481.8 11222.7 0
11222.7 16834.1 0
1100 1110
0.0 1.0 2246
1.5 2.2 967
2.2 3.3 335
3.3 5.0 251
5.0 7.5 433
7.5 11.3 637
11.3 17.0 369
17.0 25.6 272
25.6 38.4 295
38.4 57.6 424
57.6 86.4 1151
86.4 129.7 320
129.7 194.6 134
194.6 291.9 170
291.9 437.8 239
437.8 656.8 58
656.8 985.2 0
985.2 1477.8 42
1477.8 2216.8 0
2216.8 3325.2 0
3325.2 4987.8 0
4987.8 7481.8 0
7481.8 11222.7 0
11222.7 16834.1 0
1110 1120
0.0 1.0 4522
1.5 2.2 761
2.2 3.3 303
3.3 5.0 425
5.0 7.5 308
7.5 11.3 773
11.3 17.0 1598
17.0 25.6 845
25.6 38.4 936
38.4 57.6 639
57.6 86.4 96
86.4 129.7 184
129.7 194.6 390
194.6 291.9 325
291.9 437.8 19
437.8 656.8 292
656.8 985.2 210
985.2 1477.8 53
1477.8 2216.8 1
2216.8 3325.2 1
3325.2 4987.8 0
4987.8 7481.8 0
7481.8 11222.7 0
11222.7 16834.1 0
1120 1130
0.0 1.0 4192
1.5 2.2 564
2.2 3.3 0
3.3 5.0 592
5.0 7.5 63
7.5 11.3 503
11.3 17.0 243
17.0 25.6 429
25.6 38.4 377
38.4 57.6 127
57.6 86.4 533
86.4 129.7 483
129.7 194.6 769
194.6 291.9 228
291.9 437.8 237
437.8 656.8 70
656.8 985.2 160
985.2 1477.8 0
1477.8 2216.8 0
2216.8 3325.2 0
3325.2 4987.8 0
4987.8 7481.8 0
7481.8 11222.7 0
11222.7 16834.1 0
1130 1140
0.0 1.0 2028
1.5 2.2 170
2.2 3.3 181
3.3 5.0 384
5.0 7.5 370
7.5 11.3 681
11.3 17.0 939
17.0 25.6 203
25.6 38.4 314
38.4 57.6 308
57.6 86.4 343
86.4 129.7 259
129.7 194.6 232
194.6 291.9 486
291.9 437.8 298
437.8 656.8 130
656.8 985.2 49
985.2 1477.8 0
1477.8 2216.8 70
2216.8 3325.2 0
3325.2 4987.8 0
4987.8 7481.8 62
7481.8 11222.7 0
11222.7 16834.1 0
1140 1150
0.0 1.0 4218
1.5 2.2 637
2.2 3.3 325
3.3 5.0 658
5.0 7.5 473
7.5 11.3 1041
11.3 17.0 602
17.0 25.6 416
25.6 38.4 984
38.4 57.6 1406
57.6 86.4 505
86.4 129.7 334
129.7 194.6 583
194.6 291.9 339
291.9 437.8 401
437.8 656.8 168
656.8 985.2 216
985.2 1477.8 36
1477.8 2216.8 0
2216.8 3325.2 0
3325.2 4987.8 55
4987.8 7481.8 0
7481.8 11222.7 0
11222.7 16834.1 0
1150 1160
0.0 1.0 3201
1.5 2.2 242
2.2 3.3 411
3.3 5.0 80
5.0 7.5 88
7.5 11.3 578
11.3 17.0 391
17.0 25.6 511
25.6 38.4 172
38.4 57.6 2
57.6 86.4 315
86.4 129.7 835
129.7 194.6 100
194.6 291.9 109
291.9 437.8 0
437.8 656.8 0
656.8 985.2 0
985.2 1477.8 0
1477.8 2216.8 0
2216.8 3325.2 0
3325.2 4987.8 0
4987.8 7481.8 0
7481.8 11222.7 0
11222.7 16834.1 0
1160 1170
0.0 1.0 4435
1.5 2.2 268
2.2 3.3 228
3.3 5.0 236
5.0 7.5 60
7.5 11.3 400
11.3 17.0 382
17.0 25.6 322
25.6 38.4 87
38.4 57.6 195
57.6 86.4 134
86.4 129.7 259
129.7 194.6 158
194.6 291.9 156
291.9 437.8 222
437.8 656.8 2
656.8 985.2 69
985.2 1477.8 53
1477.8 2216.8 0
2216.8 3325.2 0
3325.2 4987.8 0
4987.8 7481.8 0
7481.8 11222.7 0
11222.7 16834.1 0
1170 1180
0.0 1.0 4557
1.5 2.2 1443
2.2 3.3 249
3.3 5.0 853
5.0 7.5 147
7.5 11.3 129
11.3 17.0 339
17.0 25.6 185
25.6 38.4 394
38.4 57.6 151
57.6 86.4 377
86.4 129.7 39
129.7 194.6 105
194.6 291.9 22
291.9 437.8 41
437.8 656.8 59
656.8 985.2 24
985.2 1477.8 49
1477.8 2216.8 9
2216.8 3325.2 0
3325.2 4987.8 0
4987.8 7481.8 0
7481.8 11222.7 0
11222.7 16834.1 0
1180 1190
0.0 1.0 2513
1.5 2.2 474
2.2 3.3 374
3.3 5.0 377
5.0 7.5 370
7.5 11.3 480
11.3 17.0 441
17.0 25.6 240
25.6 38.4 586
38.4 57.6 296
57.6 86.4 1234
86.4 129.7 182
129.7 194.6 387
194.6 291.9 163
291.9 437.8 57
437.8 656.8 94
656.8 985.2 31
985.2 1477.8 1
1477.8 2216.8 47
2216.8 3325.2 0
3325.2 4987.8 0
4987.8 7481.8 0
7481.8 11222.7 0
11222.7 16834.1 0
1190 1200
0.0 1.0 2472
1.5 2.2 164
2.2 3.3 1552
3.3 5.0 395
5.0 7.5 247
7.5 11.3 376
11.3 17.0 453
17.0 25.6 400
25.6 38.4 431
38.4 57.6 85
57.6 86.4 1148
86.4 129.7 162
129.7 194.6 97
194.6 291.9 4
291.9 437.8 280
437.8 656.8 228
656.8 985.2 0
985.2 1477.8 0
1477.8 2216.8 0
2216.8 3325.2 0
3325.2 4987.8 0
4987.8 7481.8 0
7481.8 11222.7 0
11222.7 16834.1 0
1200 1210
0.0 1.0 2687
1.5 2.2 379
2.2 3.3 524
3.3 5.0 73
5.0 7.5 535
7.5 11.3 567
11.3 17.0 455
17.0 25.6 331
25.6 38.4 196
38.4 57.6 422
57.6 86.4 468
86.4 129.7 154
129.7 194.6 197
194.6 291.9 230
291.9 437.8 353
437.8 656.8 208
656.8 985.2 39
985.2 1477.8 0
1477.8 2216.8 141
2216.8 3325.2 0
3325.2 4987.8 0
4987.8 7481.8 0
7481.8 11222.7 0
11222.7 16834.1 0
1210 1220
0.0 1.0 3484
1.5 2.2 330
2.2 3.3 363
3.3 5.0 513
5.0 7.5 514
7.5 11.3 586
11.3 17.0 233
17.0 25.6 533
25.6 38.4 89
38.4 57.6 266
57.6 86.4 442
86.4 129.7 66
129.7 194.6 310
194.6 291.9 60
291.9 437.8 224
437.8 656.8 2
656.8 985.2 42
985.2 1477.8 0
1477.8 2216.8 0
2216.8 3325.2 84
3325.2 4987.8 0
4987.8 7481.8 0
7481.8 11222.7 0
11222.7 16834.1 0
1220 1230
0.0 1.0 2780
1.5 2.2 165
2.2 3.3 73
3.3 5.0 167
5.0 7.5 131
7.5 11.3 364
11.3 17.0 201
17.0 25.6 51
25.6 38.4 0
38.4 57.6 107
57.6 86.4 334
86.4 129.7 121
129.7 194.6 236
194.6 291.9 0
291.9 437.8 0
437.8 656.8 0
656.8 985.2 1
985.2 1477.8 28
1477.8 2216.8 0
2216.8 3325.2 0
3325.2 4987.8 0
4987.8 7481.8 0
7481.8 11222.7 0
11222.7 16834.1 0
1230 1240
0.0 1.0 3596
1.5 2.2 347
2.2 3.3 0
3.3 5.0 0
5.0 7.5 190
7.5 11.3 574
11.3 17.0 1085
17.0 25.6 443
25.6 38.4 187
38.4 57.6 357
57.6 86.4 350
86.4 129.7 125
129.7 194.6 119
194.6 291.9 281
291.9 437.8 316
437.8 656.8 122
656.8 985.2 0
985.2 1477.8 0
1477.8 2216.8 191
2216.8 3325.2 0
3325.2 4987.8 0
4987.8 7481.8 0
7481.8 11222.7 0
11222.7 16834.1 0
1240 1250
0.0 1.0 2254
1.5 2.2 476
2.2 3.3 324
3.3 5.0 191
5.0 7.5 299
7.5 11.3 187
11.3 17.0 558
17.0 25.6 171
25.6 38.4 110
38.4 57.6 0
57.6 86.4 21
86.4 129.7 179
129.7 194.6 194
194.6 291.9 0
291.9 437.8 24
437.8 656.8 0
656.8 985.2 0
985.2 1477.8 0
1477.8 2216.8 0
2216.8 3325.2 0
3325.2 4987.8 0
4987.8 7481.8 0
7481.8 11222.7 0
11222.7 16834.1 0
1250 1260
0.0 1.0 2541
1.5 2.2 379
2.2 3.3 376
3.3 5.0 200
5.0 7.5 735
7.5 11.3 148
11.3 17.0 314
17.0 25.6 462
25.6 38.4 276
38.4 57.6 154
57.6 86.4 272
86.4 129.7 127
129.7 194.6 156
194.6 291.9 45
291.9 437.8 9
437.8 656.8 69
656.8 985.2 49
985.2 1477.8 0
1477.8 2216.8 0
2216.8 3325.2 0
3325.2 4987.8 0
4987.8 7481.8 0
7481.8 11222.7 0
11222.7 16834.1 0
1260 1270
0.0 1.0 3850
1.5 2.2 716
2.2 3.3 1
3.3 5.0 243
5.0 7.5 451
7.5 11.3 320
11.3 17.0 303
17.0 25.6 460
25.6 38.4 905
38.4 57.6 321
57.6 86.4 409
86.4 129.7 354
129.7 194.6 29
194.6 291.9 185
291.9 437.8 208
437.8 656.8 130
656.8 985.2 0
985.2 1477.8 0
1477.8 2216.8 32
2216.8 3325.2 0
3325.2 4987.8 0
4987.8 7481.8 0
7481.8 11222.7 0
11222.7 16834.1 0
1270 1280
0.0 1.0 3766
1.5 2.2 1440
2.2 3.3 346
3.3 5.0 233
5.0 7.5 242
7.5 11.3 796
11.3 17.0 336
17.0 25.6 188
25.6 38.4 797
38.4 57.6 1
57.6 86.4 463
86.4 129.7 131
129.7 194.6 751
194.6 291.9 229
291.9 437.8 114
437.8 656.8 113
656.8 985.2 270
985.2 1477.8 111
1477.8 2216.8 128
2216.8 3325.2 0
3325.2 4987.8 0
4987.8 7481.8 0
7481.8 11222.7 0
11222.7 16834.1 0
1280 1290
0.0 1.0 3935
1.5 2.2 96
2.2 3.3 329
3.3 5.0 11
5.0 7.5 312
7.5 11.3 277
11.3 17.0 919
17.0 25.6 427
25.6 38.4 206
38.4 57.6 204
57.6 86.4 535
86.4 129.7 0
129.7 194.6 464
194.6 291.9 0
291.9 437.8 0
437.8 656.8 0
656.8 985.2 0
985.2 1477.8 0
1477.8 2216.8 0
2216.8 3325.2 0
3325.2 4987.8 0
4987.8 7481.8 0
7481.8 11222.7 0
11222.7 16834.1 0
1290 1300
0.0 1.0 3644
1.5 2.2 2532
2.2 3.3 284
3.3 5.0 257
5.0 7.5 373
7.5 11.3 424
11.3 17.0 583
17.0 25.6 222
25.6 38.4 667
38.4 57.6 794
57.6 86.4 239
86.4 129.7 240
129.7 194.6 0
194.6 291.9 167
291.9 437.8 86
437.8 656.8 0
656.8 985.2 91
985.2 1477.8 0
1477.8 2216.8 77
2216.8 3325.2 88
3325.2 4987.8 0
4987.8 7481.8 0
7481.8 11222.7 0
11222.7 16834.1 0
1300 1310
0.0 1.0 4787
1.5 2.2 545
2.2 3.3 116
3.3 5.0 444
5.0 7.5 7
7.5 11.3 331
11.3 17.0 254
17.0 25.6 350
25.6 38.4 434
38.4 57.6 556
57.6 86.4 0
86.4 129.7 80
129.7 194.6 116
194.6 291.9 0
291.9 437.8 102
437.8 656.8 0
656.8 985.2 0
985.2 1477.8 40
1477.8 2216.8 83
2216.8 3325.2 0
3325.2 4987.8 0
4987.8 7481.8 0
7481.8 11222.7 0
11222.7 16834.1 0
1310 1320
0.0 1.0 5670
1.5 2.2 410
2.2 3.3 166
3.3 5.0 1
5.0 7.5 109
7.5 11.3 99
11.3 17.0 259
17.0 25.6 98
25.6 38.4 92
38.4 57.6 0
57.6 86.4 98
86.4 129.7 200
129.7 194.6 369
194.6 291.9 198
291.9 437.8 184
437.8 656.8 0
656.8 985.2 0
985.2 1477.8 101
1477.8 2216.8 98
2216.8 3325.2 0
3325.2 4987.8 0
4987.8 7481.8 0
7481.8 11222.7 0
11222.7 16834.1 0
1320 1330
0.0 1.0 6052
1.5 2.2 2796
2.2 3.3 212
3.3 5.0 660
5.0 7.5 851
7.5 11.3 453
11.3 17.0 464
17.0 25.6 459
25.6 38.4 232
38.4 57.6 552
57.6 86.4 681
86.4 129.7 659
129.7 194.6 0
194.6 291.9 0
291.9 437.8 0
437.8 656.8 0
656.8 985.2 0
985.2 1477.8 0
1477.8 2216.8 0
2216.8 3325.2 0
3325.2 4987.8 0
4987.8 7481.8 0
7481.8 11222.7 0
11222.7 16834.1 0
1330 1340
0.0 1.0 7660
1.5 2.2 1584
2.2 3.3 157
3.3 5.0 161
5.0 7.5 355
7.5 11.3 2
11.3 17.0 0
17.0 25.6 378
25.6 38.4 186
38.4 57.6 161
57.6 86.4 482
86.4 129.7 128
129.7 194.6 0
194.6 291.9 0
291.9 437.8 0
437.8 656.8 0
656.8 985.2 0
985.2 1477.8 0
1477.8 2216.8 0
2216.8 3325.2 0
3325.2 4987.8 0
4987.8 7481.8 0
7481.8 11222.7 0
11222.7 16834.1 0
1340 1350
0.0 1.0 3787
1.5 2.2 280
2.2 3.3 0
3.3 5.0 0
5.0 7.5 330
7.5 11.3 121
11.3 17.0 123
17.0 25.6 302
25.6 38.4 730
38.4 57.6 166
57.6 86.4 77
86.4 129.7 116
129.7 194.6 71
194.6 291.9 0
291.9 437.8 161
437.8 656.8 0
656.8 985.2 0
985.2 1477.8 0
1477.8 2216.8 0
2216.8 3325.2 0
3325.2 4987.8 0
4987.8 7481.8 0
7481.8 11222.7 0
11222.7 16834.1 0
1350 1360
0.0 1.0 1940
1.5 2.2 321
2.2 3.3 240
3.3 5.0 24
5.0 7.5 291
7.5 11.3 84
11.3 17.0 0
17.0 25.6 322
25.6 38.4 511
38.4 57.6 152
57.6 86.4 24
86.4 129.7 43
129.7 194.6 0
194.6 291.9 90
291.9 437.8 145
437.8 656.8 0
656.8 985.2 0
985.2 1477.8 0
1477.8 2216.8 0
2216.8 3325.2 0
3325.2 4987.8 0
4987.8 7481.8 0
7481.8 11222.7 0
11222.7 16834.1 0
1360 1370
0.0 1.0 2439
1.5 2.2 925
2.2 3.3 416
3.3 5.0 340
5.0 7.5 998
7.5 11.3 368
11.3 17.0 363
17.0 25.6 348
25.6 38.4 130
38.4 57.6 233
57.6 86.4 490
86.4 129.7 588
129.7 194.6 291
194.6 291.9 149
291.9 437.8 302
437.8 656.8 43
656.8 985.2 30
985.2 1477.8 234
1477.8 2216.8 82
2216.8 3325.2 57
3325.2 4987.8 0
4987.8 7481.8 0
7481.8 11222.7 0
11222.7 16834.1 0
1370 1380
0.0 1.0 2401
1.5 2.2 518
2.2 3.3 306
3.3 5.0 36
5.0 7.5 362
7.5 11.3 411
11.3 17.0 353
17.0 25.6 692
25.6 38.4 327
38.4 57.6 1009
57.6 86.4 276
86.4 129.7 253
129.7 194.6 0
194.6 291.9 221
291.9 437.8 76
437.8 656.8 316
656.8 985.2 144
985.2 1477.8 0
1477.8 2216.8 0
2216.8 3325.2 0
3325.2 4987.8 0
4987.8 7481.8 0
7481.8 11222.7 0
11222.7 16834.1 0
1380 1390
0.0 1.0 5088
1.5 2.2 1381
2.2 3.3 1017
3.3 5.0 2184
5.0 7.5 3323
7.5 11.3 1098
11.3 17.0 422
17.0 25.6 27
25.6 38.4 290
38.4 57.6 281
57.6 86.4 0
86.4 129.7 513
129.7 194.6 58
194.6 291.9 347
291.9 437.8 143
437.8 656.8 297
656.8 985.2 0
985.2 1477.8 0
1477.8 2216.8 0
2216.8 3325.2 0
3325.2 4987.8 0
4987.8 7481.8 0
7481.8 11222.7 0
11222.7 16834.1 0
1390 1400
0.0 1.0 3207
1.5 2.2 92
2.2 3.3 244
3.3 5.0 42
5.0 7.5 214
7.5 11.3 204
11.3 17.0 0
17.0 25.6 0
25.6 38.4 0
38.4 57.6 223
57.6 86.4 195
86.4 129.7 152
129.7 194.6 225
194.6 291.9 75
291.9 437.8 0
437.8 656.8 0
656.8 985.2 0
985.2 1477.8 0
1477.8 2216.8 150
2216.8 3325.2 0
3325.2 4987.8 0
4987.8 7481.8 0
7481.8 11222.7 0
11222.7 16834.1 0
1400 1410
0.0 1.0 2447
1.5 2.2 78
2.2 3.3 232
3.3 5.0 217
5.0 7.5 578
7.5 11.3 274
11.3 17.0 138
17.0 25.6 245
25.6 38.4 1865
38.4 57.6 251
57.6 86.4 291
86.4 129.7 49
129.7 194.6 128
194.6 291.9 79
291.9 437.8 182
437.8 656.8 3
656.8 985.2 5
985.2 1477.8 62
1477.8 2216.8 11
2216.8 3325.2 18
3325.2 4987.8 0
4987.8 7481.8 0
7481.8 11222.7 0
11222.7 16834.1 0
1410 1420
0.0 1.0 1923
1.5 2.2 429
2.2 3.3 615
3.3 5.0 234
5.0 7.5 316
7.5 11.3 347
11.3 17.0 476
17.0 25.6 253
25.6 38.4 282
38.4 57.6 328
57.6 86.4 97
86.4 129.7 39
129.7 194.6 309
194.6 291.9 244
291.9 437.8 0
437.8 656.8 100
656.8 985.2 133
985.2 1477.8 0
1477.8 2216.8 0
2216.8 3325.2 0
3325.2 4987.8 0
4987.8 7481.8 0
7481.8 11222.7 0
11222.7 16834.1 0
1420 1430
0.0 1.0 1691
1.5 2.2 322
2.2 3.3 88
3.3 5.0 58
5.0 7.5 247
7.5 11.3 339
11.3 17.0 253
17.0 25.6 167
25.6 38.4 122
38.4 57.6 188
57.6 86.4 194
86.4 129.7 313
129.7 194.6 69
194.6 291.9 58
291.9 437.8 85
437.8 656.8 114
656.8 985.2 0
985.2 1477.8 82
1477.8 2216.8 46
2216.8 3325.2 0
3325.2 4987.8 0
4987.8 7481.8 0
7481.8 11222.7 0
11222.7 16834.1 0
1430 1440
0.0 1.0 619
1.5 2.2 211
2.2 3.3 384
3.3 5.0 204
5.0 7.5 125
7.5 11.3 594
11.3 17.0 263
17.0 25.6 208
25.6 38.4 145
38.4 57.6 135
57.6 86.4 247
86.4 129.7 99
129.7 194.6 117
194.6 291.9 135
291.9 437.8 71
437.8 656.8 73
656.8 985.2 0
985.2 1477.8 0
1477.8 2216.8 36
2216.8 3325.2 12
3325.2 4987.8 0
4987.8 7481.8 0
7481.8 11222.7 0
11222.7 16834.1 0
