0 10
0.01 0.0115 0
0.0115 0.0173 0
0.0173 0.0260 5
0.0260 0.0390 0
0.0390 0.0585 0
0.0585 0.0877 0
0.0877 0.1316 1
0.1316 0.1975 1
0.1975 0.2962 0
0.2962 0.4444 0
0.4444 0.6666 0
0.6666 1.0000 0
1.0000 1.5000 0
1.5000 2.2500 0
2.2500 3.3750 2
3.3750 5.0625 0
5.0625 7.5937 0
7.5937 11.3906 0
11.3906 17.0859 0
17.0859 25.6289 0
25.6289 38.4433 0
38.4433 57.6650 0
10 20
0.01 0.0115 0
0.0115 0.0173 0
0.0173 0.0260 0
0.0260 0.0390 0
0.0390 0.0585 0
0.0585 0.0877 1
0.0877 0.1316 0
0.1316 0.1975 0
0.1975 0.2962 0
0.2962 0.4444 0
0.4444 0.6666 0
0.6666 1.0000 0
1.0000 1.5000 0
1.5000 2.2500 0
2.2500 3.3750 0
3.3750 5.0625 0
5.0625 7.5937 0
7.5937 11.3906 0
11.3906 17.0859 0
17.0859 25.6289 0
25.6289 38.4433 0
38.4433 57.6650 0
20 30
0.01 0.0115 1
0.0115 0.0173 1
0.0173 0.0260 1
0.0260 0.0390 3
0.0390 0.0585 0
0.0585 0.0877 0
0.0877 0.1316 1
0.1316 0.1975 0
0.1975 0.2962 0
0.2962 0.4444 0
0.4444 0.6666 0
0.6666 1.0000 0
1.0000 1.5000 0
1.5000 2.2500 0
2.2500 3.3750 0
3.3750 5.0625 1
5.0625 7.5937 0
7.5937 11.3906 0
11.3906 17.0859 0
17.0859 25.6289 0
25.6289 38.4433 0
38.4433 57.6650 0
30 40
0.01 0.0115 0
0.0115 0.0173 0
0.0173 0.0260 5
0.0260 0.0390 7
0.0390 0.0585 0
0.0585 0.0877 0
0.0877 0.1316 1
0.1316 0.1975 0
0.1975 0.2962 0
0.2962 0.4444 0
0.4444 0.6666 0
0.6666 1.0000 0
1.0000 1.5000 0
1.5000 2.2500 0
2.2500 3.3750 0
3.3750 5.0625 0
5.0625 7.5937 0
7.5937 11.3906 0
11.3906 17.0859 0
17.0859 25.6289 0
25.6289 38.4433 0
38.4433 57.6650 0
40 50
0.01 0.0115 2
0.0115 0.0173 2
0.0173 0.0260 1
0.0260 0.0390 4
0.0390 0.0585 1
0.0585 0.0877 0
0.0877 0.1316 0
0.1316 0.1975 1
0.1975 0.2962 0
0.2962 0.4444 0
0.4444 0.6666 0
0.6666 1.0000 0
1.0000 1.5000 0
1.5000 2.2500 1
2.2500 3.3750 0
3.3750 5.0625 0
5.0625 7.5937 0
7.5937 11.3906 0
11.3906 17.0859 0
17.0859 25.6289 0
25.6289 38.4433 0
38.4433 57.6650 0
50 60
0.01 0.0115 0
0.0115 0.0173 0
0.0173 0.0260 2
0.0260 0.0390 1
0.0390 0.0585 1
0.0585 0.0877 1
0.0877 0.1316 2
0.1316 0.1975 1
0.1975 0.2962 0
0.2962 0.4444 0
0.4444 0.6666 0
0.6666 1.0000 0
1.0000 1.5000 0
1.5000 2.2500 1
2.2500 3.3750 0
3.3750 5.0625 0
5.0625 7.5937 0
7.5937 11.3906 0
11.3906 17.0859 0
17.0859 25.6289 0
25.6289 38.4433 0
38.4433 57.6650 0
60 70
0.01 0.0115 5
0.0115 0.0173 5
0.0173 0.0260 7
0.0260 0.0390 2
0.0390 0.0585 1
0.0585 0.0877 1
0.0877 0.1316 1
0.1316 0.1975 1
0.1975 0.2962 4
0.2962 0.4444 1
0.4444 0.6666 2
0.6666 1.0000 1
1.0000 1.5000 0
1.5000 2.2500 0
2.2500 3.3750 2
3.3750 5.0625 0
5.0625 7.5937 0
7.5937 11.3906 0
11.3906 17.0859 0
17.0859 25.6289 0
25.6289 38.4433 0
38.4433 57.6650 0
70 80
0.01 0.0115 0
0.0115 0.0173 0
0.0173 0.0260 1
0.0260 0.0390 0
0.0390 0.0585 0
0.0585 0.0877 0
0.0877 0.1316 0
0.1316 0.1975 0
0.1975 0.2962 0
0.2962 0.4444 2
0.4444 0.6666 0
0.6666 1.0000 1
1.0000 1.5000 0
1.5000 2.2500 0
2.2500 3.3750 1
3.3750 5.0625 0
5.0625 7.5937 0
7.5937 11.3906 0
11.3906 17.0859 0
17.0859 25.6289 0
25.6289 38.4433 0
38.4433 57.6650 0
80 90
0.01 0.0115 2
0.0115 0.0173 2
0.0173 0.0260 6
0.0260 0.0390 1
0.0390 0.0585 0
0.0585 0.0877 2
0.0877 0.1316 0
0.1316 0.1975 0
0.1975 0.2962 1
0.2962 0.4444 0
0.4444 0.6666 0
0.6666 1.0000 0
1.0000 1.5000 0
1.5000 2.2500 1
2.2500 3.3750 0
3.3750 5.0625 1
5.0625 7.5937 0
7.5937 11.3906 0
11.3906 17.0859 0
17.0859 25.6289 0
25.6289 38.4433 0
38.4433 57.6650 0
90 100
0.01 0.0115 1
0.0115 0.0173 1
0.0173 0.0260 9
0.0260 0.0390 0
0.0390 0.0585 0
0.0585 0.0877 1
0.0877 0.1316 1
0.1316 0.1975 1
0.1975 0.2962 0
0.2962 0.4444 0
0.4444 0.6666 0
0.6666 1.0000 0
1.0000 1.5000 0
1.5000 2.2500 0
2.2500 3.3750 1
3.3750 5.0625 0
5.0625 7.5937 0
7.5937 11.3906 0
11.3906 17.0859 0
17.0859 25.6289 0
25.6289 38.4433 0
38.4433 57.6650 0
100 110
0.01 0.0115 4
0.0115 0.0173 4
0.0173 0.0260 5
0.0260 0.0390 1
0.0390 0.0585 0
0.0585 0.0877 0
0.0877 0.1316 1
0.1316 0.1975 0
0.1975 0.2962 0
0.2962 0.4444 0
0.4444 0.6666 0
0.6666 1.0000 0
1.0000 1.5000 1
1.5000 2.2500 0
2.2500 3.3750 0
3.3750 5.0625 0
5.0625 7.5937 0
7.5937 11.3906 0
11.3906 17.0859 0
17.0859 25.6289 0
25.6289 38.4433 0
38.4433 57.6650 0
110 120
0.01 0.0115 0
0.0115 0.0173 0
0.0173 0.0260 0
0.0260 0.0390 1
0.0390 0.0585 1
0.0585 0.0877 0
0.0877 0.1316 2
0.1316 0.1975 3
0.1975 0.2962 0
0.2962 0.4444 1
0.4444 0.6666 0
0.6666 1.0000 0
1.0000 1.5000 0
1.5000 2.2500 0
2.2500 3.3750 0
3.3750 5.0625 0
5.0625 7.5937 0
7.5937 11.3906 0
11.3906 17.0859 0
17.0859 25.6289 0
25.6289 38.4433 0
38.4433 57.6650 0
120 130
0.01 0.0115 0
0.0115 0.0173 0
0.0173 0.0260 0
0.0260 0.0390 2
0.0390 0.0585 0
0.0585 0.0877 1
0.0877 0.1316 1
0.1316 0.1975 1
0.1975 0.2962 0
0.2962 0.4444 0
0.4444 0.6666 1
0.6666 1.0000 0
1.0000 1.5000 0
1.5000 2.2500 0
2.2500 3.3750 1
3.3750 5.0625 0
5.0625 7.5937 0
7.5937 11.3906 0
11.3906 17.0859 0
17.0859 25.6289 0
25.6289 38.4433 0
38.4433 57.6650 0
130 140
0.01 0.0115 3
0.0115 0.0173 3
0.0173 0.0260 1
0.0260 0.0390 0
0.0390 0.0585 1
0.0585 0.0877 1
0.0877 0.1316 0
0.1316 0.1975 0
0.1975 0.2962 1
0.2962 0.4444 0
0.4444 0.6666 0
0.6666 1.0000 0
1.0000 1.5000 0
1.5000 2.2500 0
2.2500 3.3750 0
3.3750 5.0625 0
5.0625 7.5937 0
7.5937 11.3906 0
11.3906 17.0859 0
17.0859 25.6289 0
25.6289 38.4433 0
38.4433 57.6650 0
140 150
0.01 0.0115 0
0.0115 0.0173 0
0.0173 0.0260 1
0.0260 0.0390 0
0.0390 0.0585 0
0.0585 0.0877 0
0.0877 0.1316 0
0.1316 0.1975 0
0.1975 0.2962 0
0.2962 0.4444 0
0.4444 0.6666 1
0.6666 1.0000 0
1.0000 1.5000 0
1.5000 2.2500 0
2.2500 3.3750 0
3.3750 5.0625 0
5.0625 7.5937 0
7.5937 11.3906 0
11.3906 17.0859 0
17.0859 25.6289 0
25.6289 38.4433 0
38.4433 57.6650 0
150 160
0.01 0.0115 2
0.0115 0.0173 2
0.0173 0.0260 1
0.0260 0.0390 0
0.0390 0.0585 0
0.0585 0.0877 0
0.0877 0.1316 0
0.1316 0.1975 0
0.1975 0.2962 0
0.2962 0.4444 0
0.4444 0.6666 0
0.6666 1.0000 0
1.0000 1.5000 0
1.5000 2.2500 0
2.2500 3.3750 0
3.3750 5.0625 0
5.0625 7.5937 0
7.5937 11.3906 0
11.3906 17.0859 0
17.0859 25.6289 0
25.6289 38.4433 0
38.4433 57.6650 0
160 170
0.01 0.0115 0
0.0115 0.0173 0
0.0173 0.0260 1
0.0260 0.0390 0
0.0390 0.0585 0
0.0585 0.0877 0
0.0877 0.1316 0
0.1316 0.1975 0
0.1975 0.2962 0
0.2962 0.4444 0
0.4444 0.6666 0
0.6666 1.0000 0
1.0000 1.5000 0
1.5000 2.2500 0
2.2500 3.3750 0
3.3750 5.0625 0
5.0625 7.5937 0
7.5937 11.3906 0
11.3906 17.0859 0
17.0859 25.6289 0
25.6289 38.4433 0
38.4433 57.6650 0
170 180
0.01 0.0115 0
0.0115 0.0173 0
0.0173 0.0260 1
0.0260 0.0390 2
0.0390 0.0585 0
0.0585 0.0877 0
0.0877 0.1316 0
0.1316 0.1975 1
0.1975 0.2962 0
0.2962 0.4444 0
0.4444 0.6666 0
0.6666 1.0000 0
1.0000 1.5000 0
1.5000 2.2500 0
2.2500 3.3750 0
3.3750 5.0625 0
5.0625 7.5937 0
7.5937 11.3906 0
11.3906 17.0859 0
17.0859 25.6289 0
25.6289 38.4433 0
38.4433 57.6650 0
180 190
0.01 0.0115 0
0.0115 0.0173 0
0.0173 0.0260 1
0.0260 0.0390 1
0.0390 0.0585 0
0.0585 0.0877 0
0.0877 0.1316 1
0.1316 0.1975 0
0.1975 0.2962 2
0.2962 0.4444 0
0.4444 0.6666 0
0.6666 1.0000 0
1.0000 1.5000 0
1.5000 2.2500 0
2.2500 3.3750 0
3.3750 5.0625 0
5.0625 7.5937 0
7.5937 11.3906 0
11.3906 17.0859 0
17.0859 25.6289 0
25.6289 38.4433 0
38.4433 57.6650 0
190 200
0.01 0.0115 2
0.0115 0.0173 2
0.0173 0.0260 0
0.0260 0.0390 0
0.0390 0.0585 0
0.0585 0.0877 1
0.0877 0.1316 1
0.1316 0.1975 1
0.1975 0.2962 0
0.2962 0.4444 1
0.4444 0.6666 0
0.6666 1.0000 0
1.0000 1.5000 1
1.5000 2.2500 0
2.2500 3.3750 0
3.3750 5.0625 0
5.0625 7.5937 0
7.5937 11.3906 0
11.3906 17.0859 0
17.0859 25.6289 0
25.6289 38.4433 0
38.4433 57.6650 0
200 210
0.01 0.0115 0
0.0115 0.0173 0
0.0173 0.0260 1
0.0260 0.0390 0
0.0390 0.0585 0
0.0585 0.0877 1
0.0877 0.1316 0
0.1316 0.1975 1
0.1975 0.2962 0
0.2962 0.4444 1
0.4444 0.6666 0
0.6666 1.0000 0
1.0000 1.5000 1
1.5000 2.2500 0
2.2500 3.3750 0
3.3750 5.0625 0
5.0625 7.5937 0
7.5937 11.3906 0
11.3906 17.0859 0
17.0859 25.6289 0
25.6289 38.4433 0
38.4433 57.6650 0
210 220
0.01 0.0115 0
0.0115 0.0173 0
0.0173 0.0260 0
0.0260 0.0390 1
0.0390 0.0585 0
0.0585 0.0877 0
0.0877 0.1316 0
0.1316 0.1975 0
0.1975 0.2962 0
0.2962 0.4444 0
0.4444 0.6666 0
0.6666 1.0000 0
1.0000 1.5000 0
1.5000 2.2500 0
2.2500 3.3750 0
3.3750 5.0625 0
5.0625 7.5937 0
7.5937 11.3906 0
11.3906 17.0859 0
17.0859 25.6289 0
25.6289 38.4433 0
38.4433 57.6650 0
220 230
0.01 0.0115 1
0.0115 0.0173 1
0.0173 0.0260 1
0.0260 0.0390 0
0.0390 0.0585 0
0.0585 0.0877 0
0.0877 0.1316 0
0.1316 0.1975 0
0.1975 0.2962 0
0.2962 0.4444 0
0.4444 0.6666 0
0.6666 1.0000 0
1.0000 1.5000 0
1.5000 2.2500 0
2.2500 3.3750 0
3.3750 5.0625 0
5.0625 7.5937 0
7.5937 11.3906 0
11.3906 17.0859 0
17.0859 25.6289 0
25.6289 38.4433 0
38.4433 57.6650 0
230 240
0.01 0.0115 0
0.0115 0.0173 0
0.0173 0.0260 0
0.0260 0.0390 0
0.0390 0.0585 0
0.0585 0.0877 0
0.0877 0.1316 0
0.1316 0.1975 1
0.1975 0.2962 0
0.2962 0.4444 0
0.4444 0.6666 0
0.6666 1.0000 0
1.0000 1.5000 0
1.5000 2.2500 0
2.2500 3.3750 0
3.3750 5.0625 0
5.0625 7.5937 0
7.5937 11.3906 0
11.3906 17.0859 0
17.0859 25.6289 0
25.6289 38.4433 0
38.4433 57.6650 0
240 250
0.01 0.0115 2
0.0115 0.0173 2
0.0173 0.0260 1
0.0260 0.0390 0
0.0390 0.0585 0
0.0585 0.0877 0
0.0877 0.1316 0
0.1316 0.1975 0
0.1975 0.2962 0
0.2962 0.4444 0
0.4444 0.6666 0
0.6666 1.0000 0
1.0000 1.5000 0
1.5000 2.2500 0
2.2500 3.3750 0
3.3750 5.0625 0
5.0625 7.5937 0
7.5937 11.3906 0
11.3906 17.0859 0
17.0859 25.6289 0
25.6289 38.4433 0
38.4433 57.6650 0
250 260
0.01 0.0115 0
0.0115 0.0173 0
0.0173 0.0260 1
0.0260 0.0390 0
0.0390 0.0585 1
0.0585 0.0877 0
0.0877 0.1316 0
0.1316 0.1975 0
0.1975 0.2962 0
0.2962 0.4444 0
0.4444 0.6666 0
0.6666 1.0000 0
1.0000 1.5000 0
1.5000 2.2500 0
2.2500 3.3750 0
3.3750 5.0625 0
5.0625 7.5937 0
7.5937 11.3906 0
11.3906 17.0859 0
17.0859 25.6289 0
25.6289 38.4433 0
38.4433 57.6650 0
260 270
0.01 0.0115 0
0.0115 0.0173 0
0.0173 0.0260 1
0.0260 0.0390 2
0.0390 0.0585 0
0.0585 0.0877 0
0.0877 0.1316 0
0.1316 0.1975 0
0.1975 0.2962 0
0.2962 0.4444 0
0.4444 0.6666 0
0.6666 1.0000 0
1.0000 1.5000 0
1.5000 2.2500 0
2.2500 3.3750 0
3.3750 5.0625 0
5.0625 7.5937 0
7.5937 11.3906 0
11.3906 17.0859 0
17.0859 25.6289 0
25.6289 38.4433 0
38.4433 57.6650 0
270 280
0.01 0.0115 0
0.0115 0.0173 0
0.0173 0.0260 0
0.0260 0.0390 0
0.0390 0.0585 0
0.0585 0.0877 1
0.0877 0.1316 0
0.1316 0.1975 0
0.1975 0.2962 0
0.2962 0.4444 0
0.4444 0.6666 0
0.6666 1.0000 0
1.0000 1.5000 0
1.5000 2.2500 0
2.2500 3.3750 0
3.3750 5.0625 0
5.0625 7.5937 0
7.5937 11.3906 0
11.3906 17.0859 0
17.0859 25.6289 0
25.6289 38.4433 0
38.4433 57.6650 0
280 290
0.01 0.0115 1
0.0115 0.0173 1
0.0173 0.0260 0
0.0260 0.0390 0
0.0390 0.0585 0
0.0585 0.0877 0
0.0877 0.1316 1
0.1316 0.1975 0
0.1975 0.2962 0
0.2962 0.4444 0
0.4444 0.6666 0
0.6666 1.0000 0
1.0000 1.5000 0
1.5000 2.2500 1
2.2500 3.3750 0
3.3750 5.0625 0
5.0625 7.5937 0
7.5937 11.3906 0
11.3906 17.0859 0
17.0859 25.6289 0
25.6289 38.4433 0
38.4433 57.6650 0
290 300
0.01 0.0115 0
0.0115 0.0173 0
0.0173 0.0260 1
0.0260 0.0390 0
0.0390 0.0585 0
0.0585 0.0877 0
0.0877 0.1316 0
0.1316 0.1975 0
0.1975 0.2962 0
0.2962 0.4444 0
0.4444 0.6666 0
0.6666 1.0000 0
1.0000 1.5000 0
1.5000 2.2500 0
2.2500 3.3750 0
3.3750 5.0625 2
5.0625 7.5937 0
7.5937 11.3906 0
11.3906 17.0859 0
17.0859 25.6289 0
25.6289 38.4433 0
38.4433 57.6650 0
300 310
0.01 0.0115 1
0.0115 0.0173 1
0.0173 0.0260 1
0.0260 0.0390 0
0.0390 0.0585 0
0.0585 0.0877 0
0.0877 0.1316 0
0.1316 0.1975 0
0.1975 0.2962 0
0.2962 0.4444 0
0.4444 0.6666 0
0.6666 1.0000 0
1.0000 1.5000 0
1.5000 2.2500 0
2.2500 3.3750 0
3.3750 5.0625 0
5.0625 7.5937 0
7.5937 11.3906 0
11.3906 17.0859 0
17.0859 25.6289 0
25.6289 38.4433 0
38.4433 57.6650 0
310 320
0.01 0.0115 2
0.0115 0.0173 2
0.0173 0.0260 0
0.0260 0.0390 4
0.0390 0.0585 2
0.0585 0.0877 0
0.0877 0.1316 0
0.1316 0.1975 5
0.1975 0.2962 3
0.2962 0.4444 1
0.4444 0.6666 1
0.6666 1.0000 2
1.0000 1.5000 1
1.5000 2.2500 0
2.2500 3.3750 0
3.3750 5.0625 1
5.0625 7.5937 0
7.5937 11.3906 0
11.3906 17.0859 0
17.0859 25.6289 0
25.6289 38.4433 0
38.4433 57.6650 0
320 330
0.01 0.0115 0
0.0115 0.0173 0
0.0173 0.0260 1
0.0260 0.0390 1
0.0390 0.0585 0
0.0585 0.0877 2
0.0877 0.1316 0
0.1316 0.1975 1
0.1975 0.2962 4
0.2962 0.4444 0
0.4444 0.6666 2
0.6666 1.0000 3
1.0000 1.5000 1
1.5000 2.2500 3
2.2500 3.3750 0
3.3750 5.0625 0
5.0625 7.5937 0
7.5937 11.3906 0
11.3906 17.0859 0
17.0859 25.6289 0
25.6289 38.4433 0
38.4433 57.6650 0
330 340
0.01 0.0115 1
0.0115 0.0173 1
0.0173 0.0260 1
0.0260 0.0390 2
0.0390 0.0585 0
0.0585 0.0877 0
0.0877 0.1316 1
0.1316 0.1975 2
0.1975 0.2962 0
0.2962 0.4444 0
0.4444 0.6666 0
0.6666 1.0000 0
1.0000 1.5000 0
1.5000 2.2500 1
2.2500 3.3750 0
3.3750 5.0625 0
5.0625 7.5937 0
7.5937 11.3906 1
11.3906 17.0859 0
17.0859 25.6289 0
25.6289 38.4433 0
38.4433 57.6650 0
340 350
0.01 0.0115 0
0.0115 0.0173 0
0.0173 0.0260 2
0.0260 0.0390 2
0.0390 0.0585 1
0.0585 0.0877 1
0.0877 0.1316 0
0.1316 0.1975 0
0.1975 0.2962 0
0.2962 0.4444 1
0.4444 0.6666 1
0.6666 1.0000 0
1.0000 1.5000 0
1.5000 2.2500 1
2.2500 3.3750 0
3.3750 5.0625 0
5.0625 7.5937 1
7.5937 11.3906 0
11.3906 17.0859 0
17.0859 25.6289 0
25.6289 38.4433 0
38.4433 57.6650 0
350 360
0.01 0.0115 0
0.0115 0.0173 0
0.0173 0.0260 0
0.0260 0.0390 0
0.0390 0.0585 0
0.0585 0.0877 0
0.0877 0.1316 0
0.1316 0.1975 0
0.1975 0.2962 0
0.2962 0.4444 0
0.4444 0.6666 0
0.6666 1.0000 0
1.0000 1.5000 0
1.5000 2.2500 0
2.2500 3.3750 1
3.3750 5.0625 0
5.0625 7.5937 0
7.5937 11.3906 0
11.3906 17.0859 0
17.0859 25.6289 0
25.6289 38.4433 0
38.4433 57.6650 0
360 370
0.01 0.0115 0
0.0115 0.0173 0
0.0173 0.0260 0
0.0260 0.0390 0
0.0390 0.0585 1
0.0585 0.0877 0
0.0877 0.1316 1
0.1316 0.1975 0
0.1975 0.2962 1
0.2962 0.4444 0
0.4444 0.6666 1
0.6666 1.0000 0
1.0000 1.5000 1
1.5000 2.2500 2
2.2500 3.3750 0
3.3750 5.0625 0
5.0625 7.5937 0
7.5937 11.3906 0
11.3906 17.0859 0
17.0859 25.6289 0
25.6289 38.4433 0
38.4433 57.6650 0
370 380
0.01 0.0115 0
0.0115 0.0173 0
0.0173 0.0260 1
0.0260 0.0390 1
0.0390 0.0585 0
0.0585 0.0877 2
0.0877 0.1316 2
0.1316 0.1975 1
0.1975 0.2962 0
0.2962 0.4444 1
0.4444 0.6666 0
0.6666 1.0000 0
1.0000 1.5000 3
1.5000 2.2500 6
2.2500 3.3750 4
3.3750 5.0625 0
5.0625 7.5937 0
7.5937 11.3906 0
11.3906 17.0859 0
17.0859 25.6289 0
25.6289 38.4433 0
38.4433 57.6650 0
380 390
0.01 0.0115 1
0.0115 0.0173 1
0.0173 0.0260 3
0.0260 0.0390 1
0.0390 0.0585 1
0.0585 0.0877 0
0.0877 0.1316 1
0.1316 0.1975 0
0.1975 0.2962 2
0.2962 0.4444 0
0.4444 0.6666 1
0.6666 1.0000 0
1.0000 1.5000 0
1.5000 2.2500 1
2.2500 3.3750 0
3.3750 5.0625 0
5.0625 7.5937 0
7.5937 11.3906 1
11.3906 17.0859 0
17.0859 25.6289 0
25.6289 38.4433 0
38.4433 57.6650 0
390 400
0.01 0.0115 0
0.0115 0.0173 0
0.0173 0.0260 0
0.0260 0.0390 0
0.0390 0.0585 0
0.0585 0.0877 0
0.0877 0.1316 0
0.1316 0.1975 0
0.1975 0.2962 1
0.2962 0.4444 0
0.4444 0.6666 0
0.6666 1.0000 0
1.0000 1.5000 0
1.5000 2.2500 0
2.2500 3.3750 0
3.3750 5.0625 0
5.0625 7.5937 0
7.5937 11.3906 0
11.3906 17.0859 0
17.0859 25.6289 0
25.6289 38.4433 0
38.4433 57.6650 0
400 410
0.01 0.0115 0
0.0115 0.0173 0
0.0173 0.0260 0
0.0260 0.0390 0
0.0390 0.0585 0
0.0585 0.0877 0
0.0877 0.1316 0
0.1316 0.1975 0
0.1975 0.2962 0
0.2962 0.4444 1
0.4444 0.6666 0
0.6666 1.0000 0
1.0000 1.5000 0
1.5000 2.2500 0
2.2500 3.3750 0
3.3750 5.0625 0
5.0625 7.5937 0
7.5937 11.3906 0
11.3906 17.0859 0
17.0859 25.6289 0
25.6289 38.4433 0
38.4433 57.6650 0
410 420
0.01 0.0115 0
0.0115 0.0173 0
0.0173 0.0260 1
0.0260 0.0390 0
0.0390 0.0585 0
0.0585 0.0877 0
0.0877 0.1316 0
0.1316 0.1975 1
0.1975 0.2962 0
0.2962 0.4444 0
0.4444 0.6666 0
0.6666 1.0000 0
1.0000 1.5000 0
1.5000 2.2500 0
2.2500 3.3750 0
3.3750 5.0625 0
5.0625 7.5937 0
7.5937 11.3906 0
11.3906 17.0859 0
17.0859 25.6289 0
25.6289 38.4433 0
38.4433 57.6650 0
420 430
0.01 0.0115 0
0.0115 0.0173 0
0.0173 0.0260 0
0.0260 0.0390 2
0.0390 0.0585 0
0.0585 0.0877 0
0.0877 0.1316 0
0.1316 0.1975 0
0.1975 0.2962 0
0.2962 0.4444 0
0.4444 0.6666 0
0.6666 1.0000 0
1.0000 1.5000 1
1.5000 2.2500 0
2.2500 3.3750 0
3.3750 5.0625 0
5.0625 7.5937 0
7.5937 11.3906 0
11.3906 17.0859 0
17.0859 25.6289 0
25.6289 38.4433 0
38.4433 57.6650 0
430 440
0.01 0.0115 1
0.0115 0.0173 1
0.0173 0.0260 1
0.0260 0.0390 1
0.0390 0.0585 0
0.0585 0.0877 0
0.0877 0.1316 0
0.1316 0.1975 0
0.1975 0.2962 1
0.2962 0.4444 0
0.4444 0.6666 1
0.6666 1.0000 0
1.0000 1.5000 0
1.5000 2.2500 0
2.2500 3.3750 0
3.3750 5.0625 0
5.0625 7.5937 0
7.5937 11.3906 0
11.3906 17.0859 0
17.0859 25.6289 0
25.6289 38.4433 0
38.4433 57.6650 0
440 450
0.01 0.0115 0
0.0115 0.0173 0
0.0173 0.0260 2
0.0260 0.0390 1
0.0390 0.0585 0
0.0585 0.0877 0
0.0877 0.1316 0
0.1316 0.1975 0
0.1975 0.2962 0
0.2962 0.4444 0
0.4444 0.6666 0
0.6666 1.0000 1
1.0000 1.5000 0
1.5000 2.2500 0
2.2500 3.3750 0
3.3750 5.0625 0
5.0625 7.5937 0
7.5937 11.3906 0
11.3906 17.0859 0
17.0859 25.6289 0
25.6289 38.4433 0
38.4433 57.6650 0
450 460
0.01 0.0115 1
0.0115 0.0173 1
0.0173 0.0260 1
0.0260 0.0390 1
0.0390 0.0585 2
0.0585 0.0877 1
0.0877 0.1316 0
0.1316 0.1975 1
0.1975 0.2962 3
0.2962 0.4444 0
0.4444 0.6666 0
0.6666 1.0000 0
1.0000 1.5000 0
1.5000 2.2500 0
2.2500 3.3750 0
3.3750 5.0625 1
5.0625 7.5937 1
7.5937 11.3906 0
11.3906 17.0859 1
17.0859 25.6289 0
25.6289 38.4433 0
38.4433 57.6650 0
460 470
0.01 0.0115 1
0.0115 0.0173 1
0.0173 0.0260 3
0.0260 0.0390 3
0.0390 0.0585 0
0.0585 0.0877 0
0.0877 0.1316 1
0.1316 0.1975 0
0.1975 0.2962 1
0.2962 0.4444 1
0.4444 0.6666 0
0.6666 1.0000 0
1.0000 1.5000 0
1.5000 2.2500 0
2.2500 3.3750 1
3.3750 5.0625 1
5.0625 7.5937 0
7.5937 11.3906 0
11.3906 17.0859 0
17.0859 25.6289 0
25.6289 38.4433 0
38.4433 57.6650 0
470 480
0.01 0.0115 0
0.0115 0.0173 0
0.0173 0.0260 0
0.0260 0.0390 1
0.0390 0.0585 0
0.0585 0.0877 0
0.0877 0.1316 0
0.1316 0.1975 0
0.1975 0.2962 0
0.2962 0.4444 0
0.4444 0.6666 0
0.6666 1.0000 0
1.0000 1.5000 0
1.5000 2.2500 0
2.2500 3.3750 0
3.3750 5.0625 0
5.0625 7.5937 0
7.5937 11.3906 0
11.3906 17.0859 0
17.0859 25.6289 0
25.6289 38.4433 0
38.4433 57.6650 0
480 490
0.01 0.0115 4
0.0115 0.0173 4
0.0173 0.0260 5
0.0260 0.0390 1
0.0390 0.0585 1
0.0585 0.0877 1
0.0877 0.1316 0
0.1316 0.1975 2
0.1975 0.2962 0
0.2962 0.4444 0
0.4444 0.6666 0
0.6666 1.0000 0
1.0000 1.5000 0
1.5000 2.2500 0
2.2500 3.3750 0
3.3750 5.0625 0
5.0625 7.5937 0
7.5937 11.3906 0
11.3906 17.0859 0
17.0859 25.6289 0
25.6289 38.4433 0
38.4433 57.6650 0
490 500
0.01 0.0115 0
0.0115 0.0173 0
0.0173 0.0260 1
0.0260 0.0390 3
0.0390 0.0585 0
0.0585 0.0877 0
0.0877 0.1316 1
0.1316 0.1975 1
0.1975 0.2962 2
0.2962 0.4444 0
0.4444 0.6666 1
0.6666 1.0000 2
1.0000 1.5000 1
1.5000 2.2500 0
2.2500 3.3750 0
3.3750 5.0625 0
5.0625 7.5937 0
7.5937 11.3906 0
11.3906 17.0859 0
17.0859 25.6289 0
25.6289 38.4433 0
38.4433 57.6650 0
500 510
0.01 0.0115 0
0.0115 0.0173 0
0.0173 0.0260 0
0.0260 0.0390 0
0.0390 0.0585 0
0.0585 0.0877 0
0.0877 0.1316 2
0.1316 0.1975 0
0.1975 0.2962 0
0.2962 0.4444 0
0.4444 0.6666 1
0.6666 1.0000 0
1.0000 1.5000 1
1.5000 2.2500 0
2.2500 3.3750 0
3.3750 5.0625 0
5.0625 7.5937 0
7.5937 11.3906 0
11.3906 17.0859 0
17.0859 25.6289 0
25.6289 38.4433 0
38.4433 57.6650 0
510 520
0.01 0.0115 0
0.0115 0.0173 0
0.0173 0.0260 1
0.0260 0.0390 1
0.0390 0.0585 0
0.0585 0.0877 0
0.0877 0.1316 0
0.1316 0.1975 0
0.1975 0.2962 2
0.2962 0.4444 0
0.4444 0.6666 0
0.6666 1.0000 1
1.0000 1.5000 0
1.5000 2.2500 0
2.2500 3.3750 0
3.3750 5.0625 0
5.0625 7.5937 0
7.5937 11.3906 0
11.3906 17.0859 0
17.0859 25.6289 0
25.6289 38.4433 0
38.4433 57.6650 0
520 530
0.01 0.0115 0
0.0115 0.0173 0
0.0173 0.0260 1
0.0260 0.0390 1
0.0390 0.0585 0
0.0585 0.0877 1
0.0877 0.1316 0
0.1316 0.1975 0
0.1975 0.2962 0
0.2962 0.4444 1
0.4444 0.6666 0
0.6666 1.0000 0
1.0000 1.5000 0
1.5000 2.2500 0
2.2500 3.3750 0
3.3750 5.0625 0
5.0625 7.5937 0
7.5937 11.3906 0
11.3906 17.0859 0
17.0859 25.6289 0
25.6289 38.4433 0
38.4433 57.6650 0
530 540
0.01 0.0115 1
0.0115 0.0173 1
0.0173 0.0260 0
0.0260 0.0390 0
0.0390 0.0585 0
0.0585 0.0877 1
0.0877 0.1316 1
0.1316 0.1975 0
0.1975 0.2962 1
0.2962 0.4444 0
0.4444 0.6666 0
0.6666 1.0000 1
1.0000 1.5000 0
1.5000 2.2500 0
2.2500 3.3750 0
3.3750 5.0625 0
5.0625 7.5937 0
7.5937 11.3906 0
11.3906 17.0859 0
17.0859 25.6289 0
25.6289 38.4433 0
38.4433 57.6650 0
540 550
0.01 0.0115 0
0.0115 0.0173 0
0.0173 0.0260 0
0.0260 0.0390 0
0.0390 0.0585 0
0.0585 0.0877 0
0.0877 0.1316 0
0.1316 0.1975 1
0.1975 0.2962 0
0.2962 0.4444 0
0.4444 0.6666 0
0.6666 1.0000 0
1.0000 1.5000 0
1.5000 2.2500 0
2.2500 3.3750 0
3.3750 5.0625 0
5.0625 7.5937 0
7.5937 11.3906 0
11.3906 17.0859 0
17.0859 25.6289 0
25.6289 38.4433 0
38.4433 57.6650 0
550 560
0.01 0.0115 0
0.0115 0.0173 0
0.0173 0.0260 0
0.0260 0.0390 0
0.0390 0.0585 0
0.0585 0.0877 0
0.0877 0.1316 0
0.1316 0.1975 0
0.1975 0.2962 0
0.2962 0.4444 0
0.4444 0.6666 0
0.6666 1.0000 0
1.0000 1.5000 0
1.5000 2.2500 0
2.2500 3.3750 0
3.3750 5.0625 0
5.0625 7.5937 0
7.5937 11.3906 0
11.3906 17.0859 0
17.0859 25.6289 0
25.6289 38.4433 0
38.4433 57.6650 0
560 570
0.01 0.0115 0
0.0115 0.0173 0
0.0173 0.0260 0
0.0260 0.0390 0
0.0390 0.0585 0
0.0585 0.0877 0
0.0877 0.1316 0
0.1316 0.1975 1
0.1975 0.2962 0
0.2962 0.4444 0
0.4444 0.6666 1
0.6666 1.0000 0
1.0000 1.5000 1
1.5000 2.2500 1
2.2500 3.3750 0
3.3750 5.0625 0
5.0625 7.5937 0
7.5937 11.3906 0
11.3906 17.0859 0
17.0859 25.6289 0
25.6289 38.4433 0
38.4433 57.6650 0
570 580
0.01 0.0115 0
0.0115 0.0173 0
0.0173 0.0260 2
0.0260 0.0390 4
0.0390 0.0585 1
0.0585 0.0877 1
0.0877 0.1316 0
0.1316 0.1975 1
0.1975 0.2962 0
0.2962 0.4444 0
0.4444 0.6666 0
0.6666 1.0000 0
1.0000 1.5000 0
1.5000 2.2500 0
2.2500 3.3750 0
3.3750 5.0625 0
5.0625 7.5937 0
7.5937 11.3906 0
11.3906 17.0859 0
17.0859 25.6289 0
25.6289 38.4433 0
38.4433 57.6650 0
580 590
0.01 0.0115 0
0.0115 0.0173 0
0.0173 0.0260 0
0.0260 0.0390 0
0.0390 0.0585 0
0.0585 0.0877 0
0.0877 0.1316 0
0.1316 0.1975 0
0.1975 0.2962 0
0.2962 0.4444 0
0.4444 0.6666 1
0.6666 1.0000 0
1.0000 1.5000 0
1.5000 2.2500 0
2.2500 3.3750 0
3.3750 5.0625 0
5.0625 7.5937 0
7.5937 11.3906 0
11.3906 17.0859 0
17.0859 25.6289 0
25.6289 38.4433 0
38.4433 57.6650 0
590 600
0.01 0.0115 0
0.0115 0.0173 0
0.0173 0.0260 0
0.0260 0.0390 0
0.0390 0.0585 1
0.0585 0.0877 0
0.0877 0.1316 0
0.1316 0.1975 2
0.1975 0.2962 0
0.2962 0.4444 0
0.4444 0.6666 0
0.6666 1.0000 0
1.0000 1.5000 0
1.5000 2.2500 0
2.2500 3.3750 0
3.3750 5.0625 0
5.0625 7.5937 0
7.5937 11.3906 0
11.3906 17.0859 0
17.0859 25.6289 0
25.6289 38.4433 0
38.4433 57.6650 0
600 610
0.01 0.0115 1
0.0115 0.0173 1
0.0173 0.0260 0
0.0260 0.0390 1
0.0390 0.0585 2
0.0585 0.0877 0
0.0877 0.1316 0
0.1316 0.1975 1
0.1975 0.2962 1
0.2962 0.4444 0
0.4444 0.6666 0
0.6666 1.0000 0
1.0000 1.5000 0
1.5000 2.2500 0
2.2500 3.3750 0
3.3750 5.0625 0
5.0625 7.5937 0
7.5937 11.3906 0
11.3906 17.0859 0
17.0859 25.6289 0
25.6289 38.4433 0
38.4433 57.6650 0
610 620
0.01 0.0115 1
0.0115 0.0173 1
0.0173 0.0260 0
0.0260 0.0390 0
0.0390 0.0585 0
0.0585 0.0877 0
0.0877 0.1316 0
0.1316 0.1975 0
0.1975 0.2962 2
0.2962 0.4444 0
0.4444 0.6666 0
0.6666 1.0000 0
1.0000 1.5000 0
1.5000 2.2500 2
2.2500 3.3750 0
3.3750 5.0625 0
5.0625 7.5937 1
7.5937 11.3906 0
11.3906 17.0859 0
17.0859 25.6289 0
25.6289 38.4433 0
38.4433 57.6650 0
620 630
0.01 0.0115 1
0.0115 0.0173 1
0.0173 0.0260 1
0.0260 0.0390 0
0.0390 0.0585 0
0.0585 0.0877 0
0.0877 0.1316 1
0.1316 0.1975 0
0.1975 0.2962 0
0.2962 0.4444 0
0.4444 0.6666 0
0.6666 1.0000 0
1.0000 1.5000 0
1.5000 2.2500 0
2.2500 3.3750 0
3.3750 5.0625 0
5.0625 7.5937 1
7.5937 11.3906 0
11.3906 17.0859 0
17.0859 25.6289 0
25.6289 38.4433 0
38.4433 57.6650 0
630 640
0.01 0.0115 1
0.0115 0.0173 1
0.0173 0.0260 1
0.0260 0.0390 0
0.0390 0.0585 0
0.0585 0.0877 1
0.0877 0.1316 0
0.1316 0.1975 1
0.1975 0.2962 0
0.2962 0.4444 0
0.4444 0.6666 1
0.6666 1.0000 0
1.0000 1.5000 0
1.5000 2.2500 0
2.2500 3.3750 0
3.3750 5.0625 0
5.0625 7.5937 0
7.5937 11.3906 0
11.3906 17.0859 0
17.0859 25.6289 0
25.6289 38.4433 0
38.4433 57.6650 0
640 650
0.01 0.0115 2
0.0115 0.0173 2
0.0173 0.0260 1
0.0260 0.0390 0
0.0390 0.0585 1
0.0585 0.0877 0
0.0877 0.1316 1
0.1316 0.1975 0
0.1975 0.2962 2
0.2962 0.4444 1
0.4444 0.6666 1
0.6666 1.0000 0
1.0000 1.5000 1
1.5000 2.2500 1
2.2500 3.3750 1
3.3750 5.0625 0
5.0625 7.5937 1
7.5937 11.3906 1
11.3906 17.0859 0
17.0859 25.6289 0
25.6289 38.4433 0
38.4433 57.6650 0
650 660
0.01 0.0115 1
0.0115 0.0173 1
0.0173 0.0260 1
0.0260 0.0390 1
0.0390 0.0585 2
0.0585 0.0877 0
0.0877 0.1316 0
0.1316 0.1975 1
0.1975 0.2962 0
0.2962 0.4444 1
0.4444 0.6666 0
0.6666 1.0000 0
1.0000 1.5000 2
1.5000 2.2500 3
2.2500 3.3750 0
3.3750 5.0625 0
5.0625 7.5937 0
7.5937 11.3906 0
11.3906 17.0859 0
17.0859 25.6289 0
25.6289 38.4433 0
38.4433 57.6650 0
660 670
0.01 0.0115 5
0.0115 0.0173 5
0.0173 0.0260 1
0.0260 0.0390 2
0.0390 0.0585 0
0.0585 0.0877 2
0.0877 0.1316 3
0.1316 0.1975 2
0.1975 0.2962 2
0.2962 0.4444 0
0.4444 0.6666 0
0.6666 1.0000 1
1.0000 1.5000 0
1.5000 2.2500 1
2.2500 3.3750 0
3.3750 5.0625 0
5.0625 7.5937 0
7.5937 11.3906 0
11.3906 17.0859 0
17.0859 25.6289 0
25.6289 38.4433 0
38.4433 57.6650 0
670 680
0.01 0.0115 5
0.0115 0.0173 5
0.0173 0.0260 0
0.0260 0.0390 2
0.0390 0.0585 0
0.0585 0.0877 0
0.0877 0.1316 0
0.1316 0.1975 0
0.1975 0.2962 2
0.2962 0.4444 0
0.4444 0.6666 0
0.6666 1.0000 1
1.0000 1.5000 0
1.5000 2.2500 0
2.2500 3.3750 1
3.3750 5.0625 1
5.0625 7.5937 0
7.5937 11.3906 0
11.3906 17.0859 0
17.0859 25.6289 0
25.6289 38.4433 0
38.4433 57.6650 0
680 690
0.01 0.0115 6
0.0115 0.0173 6
0.0173 0.0260 0
0.0260 0.0390 0
0.0390 0.0585 1
0.0585 0.0877 5
0.0877 0.1316 1
0.1316 0.1975 0
0.1975 0.2962 4
0.2962 0.4444 1
0.4444 0.6666 0
0.6666 1.0000 1
1.0000 1.5000 0
1.5000 2.2500 0
2.2500 3.3750 1
3.3750 5.0625 0
5.0625 7.5937 0
7.5937 11.3906 0
11.3906 17.0859 0
17.0859 25.6289 0
25.6289 38.4433 0
38.4433 57.6650 0
690 700
0.01 0.0115 1
0.0115 0.0173 1
0.0173 0.0260 0
0.0260 0.0390 0
0.0390 0.0585 0
0.0585 0.0877 0
0.0877 0.1316 0
0.1316 0.1975 0
0.1975 0.2962 1
0.2962 0.4444 0
0.4444 0.6666 1
0.6666 1.0000 0
1.0000 1.5000 2
1.5000 2.2500 0
2.2500 3.3750 0
3.3750 5.0625 2
5.0625 7.5937 1
7.5937 11.3906 0
11.3906 17.0859 0
17.0859 25.6289 0
25.6289 38.4433 0
38.4433 57.6650 0
700 710
0.01 0.0115 1
0.0115 0.0173 1
0.0173 0.0260 1
0.0260 0.0390 1
0.0390 0.0585 1
0.0585 0.0877 0
0.0877 0.1316 0
0.1316 0.1975 3
0.1975 0.2962 1
0.2962 0.4444 0
0.4444 0.6666 1
0.6666 1.0000 0
1.0000 1.5000 0
1.5000 2.2500 0
2.2500 3.3750 0
3.3750 5.0625 0
5.0625 7.5937 0
7.5937 11.3906 1
11.3906 17.0859 0
17.0859 25.6289 0
25.6289 38.4433 0
38.4433 57.6650 0
710 720
0.01 0.0115 1
0.0115 0.0173 1
0.0173 0.0260 7
0.0260 0.0390 3
0.0390 0.0585 0
0.0585 0.0877 3
0.0877 0.1316 3
0.1316 0.1975 3
0.1975 0.2962 0
0.2962 0.4444 0
0.4444 0.6666 0
0.6666 1.0000 0
1.0000 1.5000 0
1.5000 2.2500 1
2.2500 3.3750 0
3.3750 5.0625 0
5.0625 7.5937 0
7.5937 11.3906 0
11.3906 17.0859 0
17.0859 25.6289 0
25.6289 38.4433 0
38.4433 57.6650 0
720 730
0.01 0.0115 1
0.0115 0.0173 1
0.0173 0.0260 2
0.0260 0.0390 2
0.0390 0.0585 2
0.0585 0.0877 2
0.0877 0.1316 0
0.1316 0.1975 2
0.1975 0.2962 1
0.2962 0.4444 0
0.4444 0.6666 0
0.6666 1.0000 0
1.0000 1.5000 3
1.5000 2.2500 3
2.2500 3.3750 1
3.3750 5.0625 1
5.0625 7.5937 0
7.5937 11.3906 0
11.3906 17.0859 0
17.0859 25.6289 0
25.6289 38.4433 0
38.4433 57.6650 0
730 740
0.01 0.0115 0
0.0115 0.0173 0
0.0173 0.0260 1
0.0260 0.0390 1
0.0390 0.0585 0
0.0585 0.0877 2
0.0877 0.1316 1
0.1316 0.1975 0
0.1975 0.2962 1
0.2962 0.4444 1
0.4444 0.6666 0
0.6666 1.0000 0
1.0000 1.5000 0
1.5000 2.2500 0
2.2500 3.3750 0
3.3750 5.0625 0
5.0625 7.5937 0
7.5937 11.3906 0
11.3906 17.0859 0
17.0859 25.6289 0
25.6289 38.4433 0
38.4433 57.6650 0
740 750
0.01 0.0115 2
0.0115 0.0173 2
0.0173 0.0260 2
0.0260 0.0390 1
0.0390 0.0585 0
0.0585 0.0877 0
0.0877 0.1316 1
0.1316 0.1975 1
0.1975 0.2962 0
0.2962 0.4444 1
0.4444 0.6666 0
0.6666 1.0000 0
1.0000 1.5000 0
1.5000 2.2500 0
2.2500 3.3750 0
3.3750 5.0625 0
5.0625 7.5937 0
7.5937 11.3906 0
11.3906 17.0859 0
17.0859 25.6289 0
25.6289 38.4433 0
38.4433 57.6650 0
750 760
0.01 0.0115 0
0.0115 0.0173 0
0.0173 0.0260 2
0.0260 0.0390 0
0.0390 0.0585 0
0.0585 0.0877 0
0.0877 0.1316 0
0.1316 0.1975 0
0.1975 0.2962 1
0.2962 0.4444 0
0.4444 0.6666 2
0.6666 1.0000 0
1.0000 1.5000 1
1.5000 2.2500 0
2.2500 3.3750 2
3.3750 5.0625 0
5.0625 7.5937 0
7.5937 11.3906 0
11.3906 17.0859 0
17.0859 25.6289 0
25.6289 38.4433 0
38.4433 57.6650 0
760 770
0.01 0.0115 8
0.0115 0.0173 8
0.0173 0.0260 5
0.0260 0.0390 8
0.0390 0.0585 3
0.0585 0.0877 3
0.0877 0.1316 1
0.1316 0.1975 3
0.1975 0.2962 4
0.2962 0.4444 5
0.4444 0.6666 2
0.6666 1.0000 2
1.0000 1.5000 3
1.5000 2.2500 1
2.2500 3.3750 0
3.3750 5.0625 0
5.0625 7.5937 0
7.5937 11.3906 0
11.3906 17.0859 0
17.0859 25.6289 1
25.6289 38.4433 2
38.4433 57.6650 0
770 780
0.01 0.0115 4
0.0115 0.0173 4
0.0173 0.0260 1
0.0260 0.0390 1
0.0390 0.0585 0
0.0585 0.0877 3
0.0877 0.1316 0
0.1316 0.1975 2
0.1975 0.2962 0
0.2962 0.4444 5
0.4444 0.6666 1
0.6666 1.0000 1
1.0000 1.5000 0
1.5000 2.2500 2
2.2500 3.3750 0
3.3750 5.0625 0
5.0625 7.5937 1
7.5937 11.3906 0
11.3906 17.0859 0
17.0859 25.6289 0
25.6289 38.4433 0
38.4433 57.6650 0
780 790
0.01 0.0115 3
0.0115 0.0173 3
0.0173 0.0260 3
0.0260 0.0390 1
0.0390 0.0585 2
0.0585 0.0877 0
0.0877 0.1316 3
0.1316 0.1975 2
0.1975 0.2962 2
0.2962 0.4444 0
0.4444 0.6666 1
0.6666 1.0000 1
1.0000 1.5000 1
1.5000 2.2500 0
2.2500 3.3750 0
3.3750 5.0625 1
5.0625 7.5937 0
7.5937 11.3906 0
11.3906 17.0859 0
17.0859 25.6289 1
25.6289 38.4433 0
38.4433 57.6650 0
790 800
0.01 0.0115 1
0.0115 0.0173 1
0.0173 0.0260 1
0.0260 0.0390 0
0.0390 0.0585 0
0.0585 0.0877 0
0.0877 0.1316 0
0.1316 0.1975 1
0.1975 0.2962 0
0.2962 0.4444 0
0.4444 0.6666 1
0.6666 1.0000 0
1.0000 1.5000 1
1.5000 2.2500 1
2.2500 3.3750 0
3.3750 5.0625 0
5.0625 7.5937 0
7.5937 11.3906 0
11.3906 17.0859 0
17.0859 25.6289 0
25.6289 38.4433 0
38.4433 57.6650 0
800 810
0.01 0.0115 0
0.0115 0.0173 0
0.0173 0.0260 0
0.0260 0.0390 1
0.0390 0.0585 0
0.0585 0.0877 1
0.0877 0.1316 0
0.1316 0.1975 1
0.1975 0.2962 1
0.2962 0.4444 0
0.4444 0.6666 2
0.6666 1.0000 1
1.0000 1.5000 0
1.5000 2.2500 0
2.2500 3.3750 0
3.3750 5.0625 0
5.0625 7.5937 0
7.5937 11.3906 0
11.3906 17.0859 0
17.0859 25.6289 0
25.6289 38.4433 0
38.4433 57.6650 0
810 820
0.01 0.0115 5
0.0115 0.0173 5
0.0173 0.0260 1
0.0260 0.0390 3
0.0390 0.0585 0
0.0585 0.0877 1
0.0877 0.1316 2
0.1316 0.1975 1
0.1975 0.2962 3
0.2962 0.4444 2
0.4444 0.6666 1
0.6666 1.0000 0
1.0000 1.5000 0
1.5000 2.2500 0
2.2500 3.3750 0
3.3750 5.0625 0
5.0625 7.5937 1
7.5937 11.3906 0
11.3906 17.0859 1
17.0859 25.6289 0
25.6289 38.4433 0
38.4433 57.6650 0
820 830
0.01 0.0115 2
0.0115 0.0173 2
0.0173 0.0260 0
0.0260 0.0390 0
0.0390 0.0585 0
0.0585 0.0877 2
0.0877 0.1316 1
0.1316 0.1975 0
0.1975 0.2962 1
0.2962 0.4444 1
0.4444 0.6666 1
0.6666 1.0000 0
1.0000 1.5000 0
1.5000 2.2500 0
2.2500 3.3750 0
3.3750 5.0625 0
5.0625 7.5937 0
7.5937 11.3906 0
11.3906 17.0859 0
17.0859 25.6289 1
25.6289 38.4433 0
38.4433 57.6650 0
830 840
0.01 0.0115 0
0.0115 0.0173 0
0.0173 0.0260 0
0.0260 0.0390 4
0.0390 0.0585 0
0.0585 0.0877 1
0.0877 0.1316 1
0.1316 0.1975 0
0.1975 0.2962 1
0.2962 0.4444 2
0.4444 0.6666 1
0.6666 1.0000 1
1.0000 1.5000 0
1.5000 2.2500 0
2.2500 3.3750 1
3.3750 5.0625 0
5.0625 7.5937 0
7.5937 11.3906 0
11.3906 17.0859 0
17.0859 25.6289 0
25.6289 38.4433 0
38.4433 57.6650 0
840 850
0.01 0.0115 0
0.0115 0.0173 0
0.0173 0.0260 1
0.0260 0.0390 1
0.0390 0.0585 0
0.0585 0.0877 0
0.0877 0.1316 1
0.1316 0.1975 1
0.1975 0.2962 0
0.2962 0.4444 0
0.4444 0.6666 0
0.6666 1.0000 0
1.0000 1.5000 0
1.5000 2.2500 0
2.2500 3.3750 0
3.3750 5.0625 0
5.0625 7.5937 0
7.5937 11.3906 0
11.3906 17.0859 0
17.0859 25.6289 0
25.6289 38.4433 0
38.4433 57.6650 0
850 860
0.01 0.0115 2
0.0115 0.0173 2
0.0173 0.0260 3
0.0260 0.0390 0
0.0390 0.0585 1
0.0585 0.0877 0
0.0877 0.1316 1
0.1316 0.1975 0
0.1975 0.2962 3
0.2962 0.4444 0
0.4444 0.6666 1
0.6666 1.0000 1
1.0000 1.5000 0
1.5000 2.2500 0
2.2500 3.3750 0
3.3750 5.0625 0
5.0625 7.5937 1
7.5937 11.3906 0
11.3906 17.0859 0
17.0859 25.6289 0
25.6289 38.4433 0
38.4433 57.6650 0
860 870
0.01 0.0115 2
0.0115 0.0173 2
0.0173 0.0260 1
0.0260 0.0390 0
0.0390 0.0585 0
0.0585 0.0877 0
0.0877 0.1316 1
0.1316 0.1975 0
0.1975 0.2962 0
0.2962 0.4444 0
0.4444 0.6666 1
0.6666 1.0000 0
1.0000 1.5000 0
1.5000 2.2500 0
2.2500 3.3750 0
3.3750 5.0625 1
5.0625 7.5937 0
7.5937 11.3906 0
11.3906 17.0859 0
17.0859 25.6289 0
25.6289 38.4433 0
38.4433 57.6650 0
870 880
0.01 0.0115 1
0.0115 0.0173 1
0.0173 0.0260 2
0.0260 0.0390 1
0.0390 0.0585 1
0.0585 0.0877 1
0.0877 0.1316 0
0.1316 0.1975 0
0.1975 0.2962 0
0.2962 0.4444 1
0.4444 0.6666 1
0.6666 1.0000 0
1.0000 1.5000 0
1.5000 2.2500 2
2.2500 3.3750 0
3.3750 5.0625 0
5.0625 7.5937 0
7.5937 11.3906 0
11.3906 17.0859 0
17.0859 25.6289 0
25.6289 38.4433 0
38.4433 57.6650 0
880 890
0.01 0.0115 0
0.0115 0.0173 0
0.0173 0.0260 0
0.0260 0.0390 1
0.0390 0.0585 1
0.0585 0.0877 1
0.0877 0.1316 0
0.1316 0.1975 1
0.1975 0.2962 0
0.2962 0.4444 0
0.4444 0.6666 0
0.6666 1.0000 1
1.0000 1.5000 1
1.5000 2.2500 0
2.2500 3.3750 0
3.3750 5.0625 0
5.0625 7.5937 0
7.5937 11.3906 0
11.3906 17.0859 0
17.0859 25.6289 0
25.6289 38.4433 0
38.4433 57.6650 0
890 900
0.01 0.0115 4
0.0115 0.0173 4
0.0173 0.0260 1
0.0260 0.0390 6
0.0390 0.0585 3
0.0585 0.0877 2
0.0877 0.1316 1
0.1316 0.1975 0
0.1975 0.2962 2
0.2962 0.4444 2
0.4444 0.6666 1
0.6666 1.0000 0
1.0000 1.5000 1
1.5000 2.2500 0
2.2500 3.3750 0
3.3750 5.0625 1
5.0625 7.5937 0
7.5937 11.3906 0
11.3906 17.0859 0
17.0859 25.6289 0
25.6289 38.4433 0
38.4433 57.6650 0
900 910
0.01 0.0115 5
0.0115 0.0173 5
0.0173 0.0260 1
0.0260 0.0390 1
0.0390 0.0585 1
0.0585 0.0877 1
0.0877 0.1316 0
0.1316 0.1975 0
0.1975 0.2962 0
0.2962 0.4444 1
0.4444 0.6666 0
0.6666 1.0000 0
1.0000 1.5000 0
1.5000 2.2500 0
2.2500 3.3750 0
3.3750 5.0625 0
5.0625 7.5937 0
7.5937 11.3906 0
11.3906 17.0859 0
17.0859 25.6289 0
25.6289 38.4433 0
38.4433 57.6650 0
910 920
0.01 0.0115 1
0.0115 0.0173 1
0.0173 0.0260 0
0.0260 0.0390 1
0.0390 0.0585 1
0.0585 0.0877 0
0.0877 0.1316 0
0.1316 0.1975 2
0.1975 0.2962 0
0.2962 0.4444 0
0.4444 0.6666 0
0.6666 1.0000 0
1.0000 1.5000 0
1.5000 2.2500 0
2.2500 3.3750 1
3.3750 5.0625 1
5.0625 7.5937 0
7.5937 11.3906 0
11.3906 17.0859 0
17.0859 25.6289 1
25.6289 38.4433 0
38.4433 57.6650 0
920 930
0.01 0.0115 1
0.0115 0.0173 1
0.0173 0.0260 2
0.0260 0.0390 1
0.0390 0.0585 1
0.0585 0.0877 0
0.0877 0.1316 0
0.1316 0.1975 1
0.1975 0.2962 2
0.2962 0.4444 0
0.4444 0.6666 3
0.6666 1.0000 0
1.0000 1.5000 1
1.5000 2.2500 0
2.2500 3.3750 1
3.3750 5.0625 0
5.0625 7.5937 0
7.5937 11.3906 0
11.3906 17.0859 0
17.0859 25.6289 1
25.6289 38.4433 0
38.4433 57.6650 0
930 940
0.01 0.0115 2
0.0115 0.0173 2
0.0173 0.0260 6
0.0260 0.0390 6
0.0390 0.0585 0
0.0585 0.0877 1
0.0877 0.1316 0
0.1316 0.1975 2
0.1975 0.2962 1
0.2962 0.4444 0
0.4444 0.6666 1
0.6666 1.0000 0
1.0000 1.5000 0
1.5000 2.2500 1
2.2500 3.3750 0
3.3750 5.0625 2
5.0625 7.5937 0
7.5937 11.3906 0
11.3906 17.0859 0
17.0859 25.6289 0
25.6289 38.4433 0
38.4433 57.6650 0
940 950
0.01 0.0115 2
0.0115 0.0173 2
0.0173 0.0260 4
0.0260 0.0390 3
0.0390 0.0585 1
0.0585 0.0877 0
0.0877 0.1316 1
0.1316 0.1975 0
0.1975 0.2962 0
0.2962 0.4444 0
0.4444 0.6666 1
0.6666 1.0000 1
1.0000 1.5000 1
1.5000 2.2500 2
2.2500 3.3750 1
3.3750 5.0625 0
5.0625 7.5937 0
7.5937 11.3906 0
11.3906 17.0859 0
17.0859 25.6289 1
25.6289 38.4433 0
38.4433 57.6650 0
950 960
0.01 0.0115 1
0.0115 0.0173 1
0.0173 0.0260 0
0.0260 0.0390 0
0.0390 0.0585 0
0.0585 0.0877 1
0.0877 0.1316 0
0.1316 0.1975 0
0.1975 0.2962 0
0.2962 0.4444 1
0.4444 0.6666 1
0.6666 1.0000 0
1.0000 1.5000 1
1.5000 2.2500 0
2.2500 3.3750 0
3.3750 5.0625 0
5.0625 7.5937 1
7.5937 11.3906 0
11.3906 17.0859 0
17.0859 25.6289 0
25.6289 38.4433 0
38.4433 57.6650 0
960 970
0.01 0.0115 2
0.0115 0.0173 2
0.0173 0.0260 0
0.0260 0.0390 0
0.0390 0.0585 0
0.0585 0.0877 0
0.0877 0.1316 0
0.1316 0.1975 1
0.1975 0.2962 1
0.2962 0.4444 0
0.4444 0.6666 0
0.6666 1.0000 0
1.0000 1.5000 0
1.5000 2.2500 0
2.2500 3.3750 0
3.3750 5.0625 0
5.0625 7.5937 0
7.5937 11.3906 0
11.3906 17.0859 0
17.0859 25.6289 0
25.6289 38.4433 0
38.4433 57.6650 0
970 980
0.01 0.0115 0
0.0115 0.0173 0
0.0173 0.0260 0
0.0260 0.0390 0
0.0390 0.0585 2
0.0585 0.0877 0
0.0877 0.1316 1
0.1316 0.1975 1
0.1975 0.2962 0
0.2962 0.4444 3
0.4444 0.6666 0
0.6666 1.0000 0
1.0000 1.5000 1
1.5000 2.2500 0
2.2500 3.3750 0
3.3750 5.0625 1
5.0625 7.5937 0
7.5937 11.3906 0
11.3906 17.0859 0
17.0859 25.6289 0
25.6289 38.4433 0
38.4433 57.6650 0
980 990
0.01 0.0115 0
0.0115 0.0173 0
0.0173 0.0260 1
0.0260 0.0390 0
0.0390 0.0585 1
0.0585 0.0877 1
0.0877 0.1316 1
0.1316 0.1975 2
0.1975 0.2962 0
0.2962 0.4444 0
0.4444 0.6666 2
0.6666 1.0000 0
1.0000 1.5000 1
1.5000 2.2500 0
2.2500 3.3750 0
3.3750 5.0625 0
5.0625 7.5937 0
7.5937 11.3906 0
11.3906 17.0859 0
17.0859 25.6289 0
25.6289 38.4433 0
38.4433 57.6650 0
990 1000
0.01 0.0115 1
0.0115 0.0173 1
0.0173 0.0260 2
0.0260 0.0390 0
0.0390 0.0585 2
0.0585 0.0877 0
0.0877 0.1316 2
0.1316 0.1975 1
0.1975 0.2962 0
0.2962 0.4444 0
0.4444 0.6666 1
0.6666 1.0000 1
1.0000 1.5000 1
1.5000 2.2500 1
2.2500 3.3750 1
3.3750 5.0625 0
5.0625 7.5937 0
7.5937 11.3906 0
11.3906 17.0859 0
17.0859 25.6289 0
25.6289 38.4433 0
38.4433 57.6650 0
1000 1010
0.01 0.0115 4
0.0115 0.0173 4
0.0173 0.0260 3
0.0260 0.0390 1
0.0390 0.0585 0
0.0585 0.0877 0
0.0877 0.1316 1
0.1316 0.1975 0
0.1975 0.2962 2
0.2962 0.4444 0
0.4444 0.6666 0
0.6666 1.0000 0
1.0000 1.5000 1
1.5000 2.2500 0
2.2500 3.3750 0
3.3750 5.0625 0
5.0625 7.5937 0
7.5937 11.3906 0
11.3906 17.0859 1
17.0859 25.6289 0
25.6289 38.4433 0
38.4433 57.6650 0
1010 1020
0.01 0.0115 1
0.0115 0.0173 1
0.0173 0.0260 0
0.0260 0.0390 2
0.0390 0.0585 1
0.0585 0.0877 1
0.0877 0.1316 0
0.1316 0.1975 0
0.1975 0.2962 2
0.2962 0.4444 2
0.4444 0.6666 1
0.6666 1.0000 1
1.0000 1.5000 1
1.5000 2.2500 0
2.2500 3.3750 0
3.3750 5.0625 1
5.0625 7.5937 0
7.5937 11.3906 0
11.3906 17.0859 0
17.0859 25.6289 0
25.6289 38.4433 0
38.4433 57.6650 0
1020 1030
0.01 0.0115 1
0.0115 0.0173 1
0.0173 0.0260 0
0.0260 0.0390 1
0.0390 0.0585 0
0.0585 0.0877 1
0.0877 0.1316 1
0.1316 0.1975 0
0.1975 0.2962 0
0.2962 0.4444 0
0.4444 0.6666 0
0.6666 1.0000 0
1.0000 1.5000 0
1.5000 2.2500 0
2.2500 3.3750 0
3.3750 5.0625 0
5.0625 7.5937 0
7.5937 11.3906 1
11.3906 17.0859 0
17.0859 25.6289 0
25.6289 38.4433 0
38.4433 57.6650 0
1030 1040
0.01 0.0115 1
0.0115 0.0173 1
0.0173 0.0260 1
0.0260 0.0390 0
0.0390 0.0585 0
0.0585 0.0877 0
0.0877 0.1316 0
0.1316 0.1975 1
0.1975 0.2962 0
0.2962 0.4444 1
0.4444 0.6666 0
0.6666 1.0000 1
1.0000 1.5000 1
1.5000 2.2500 2
2.2500 3.3750 0
3.3750 5.0625 0
5.0625 7.5937 0
7.5937 11.3906 0
11.3906 17.0859 0
17.0859 25.6289 0
25.6289 38.4433 0
38.4433 57.6650 0
1040 1050
0.01 0.0115 1
0.0115 0.0173 1
0.0173 0.0260 0
0.0260 0.0390 1
0.0390 0.0585 1
0.0585 0.0877 2
0.0877 0.1316 1
0.1316 0.1975 3
0.1975 0.2962 4
0.2962 0.4444 0
0.4444 0.6666 1
0.6666 1.0000 1
1.0000 1.5000 1
1.5000 2.2500 0
2.2500 3.3750 1
3.3750 5.0625 0
5.0625 7.5937 0
7.5937 11.3906 0
11.3906 17.0859 0
17.0859 25.6289 0
25.6289 38.4433 0
38.4433 57.6650 0
1050 1060
0.01 0.0115 0
0.0115 0.0173 0
0.0173 0.0260 0
0.0260 0.0390 4
0.0390 0.0585 1
0.0585 0.0877 1
0.0877 0.1316 0
0.1316 0.1975 0
0.1975 0.2962 2
0.2962 0.4444 1
0.4444 0.6666 0
0.6666 1.0000 0
1.0000 1.5000 1
1.5000 2.2500 0
2.2500 3.3750 0
3.3750 5.0625 1
5.0625 7.5937 0
7.5937 11.3906 0
11.3906 17.0859 0
17.0859 25.6289 0
25.6289 38.4433 0
38.4433 57.6650 0
1060 1070
0.01 0.0115 1
0.0115 0.0173 1
0.0173 0.0260 2
0.0260 0.0390 1
0.0390 0.0585 0
0.0585 0.0877 2
0.0877 0.1316 0
0.1316 0.1975 1
0.1975 0.2962 1
0.2962 0.4444 0
0.4444 0.6666 0
0.6666 1.0000 2
1.0000 1.5000 0
1.5000 2.2500 1
2.2500 3.3750 1
3.3750 5.0625 1
5.0625 7.5937 1
7.5937 11.3906 0
11.3906 17.0859 0
17.0859 25.6289 0
25.6289 38.4433 0
38.4433 57.6650 0
1070 1080
0.01 0.0115 3
0.0115 0.0173 3
0.0173 0.0260 1
0.0260 0.0390 2
0.0390 0.0585 0
0.0585 0.0877 0
0.0877 0.1316 0
0.1316 0.1975 0
0.1975 0.2962 0
0.2962 0.4444 1
0.4444 0.6666 0
0.6666 1.0000 2
1.0000 1.5000 0
1.5000 2.2500 0
2.2500 3.3750 0
3.3750 5.0625 0
5.0625 7.5937 0
7.5937 11.3906 0
11.3906 17.0859 0
17.0859 25.6289 0
25.6289 38.4433 0
38.4433 57.6650 0
1080 1090
0.01 0.0115 1
0.0115 0.0173 1
0.0173 0.0260 1
0.0260 0.0390 3
0.0390 0.0585 0
0.0585 0.0877 0
0.0877 0.1316 1
0.1316 0.1975 1
0.1975 0.2962 0
0.2962 0.4444 0
0.4444 0.6666 0
0.6666 1.0000 2
1.0000 1.5000 0
1.5000 2.2500 0
2.2500 3.3750 0
3.3750 5.0625 0
5.0625 7.5937 0
7.5937 11.3906 0
11.3906 17.0859 0
17.0859 25.6289 0
25.6289 38.4433 0
38.4433 57.6650 0
1090 1100
0.01 0.0115 0
0.0115 0.0173 0
0.0173 0.0260 0
0.0260 0.0390 1
0.0390 0.0585 0
0.0585 0.0877 0
0.0877 0.1316 0
0.1316 0.1975 0
0.1975 0.2962 0
0.2962 0.4444 0
0.4444 0.6666 1
0.6666 1.0000 0
1.0000 1.5000 1
1.5000 2.2500 0
2.2500 3.3750 0
3.3750 5.0625 0
5.0625 7.5937 0
7.5937 11.3906 0
11.3906 17.0859 0
17.0859 25.6289 0
25.6289 38.4433 0
38.4433 57.6650 0
1100 1110
0.01 0.0115 2
0.0115 0.0173 2
0.0173 0.0260 0
0.0260 0.0390 2
0.0390 0.0585 1
0.0585 0.0877 1
0.0877 0.1316 0
0.1316 0.1975 1
0.1975 0.2962 1
0.2962 0.4444 0
0.4444 0.6666 1
0.6666 1.0000 0
1.0000 1.5000 1
1.5000 2.2500 1
2.2500 3.3750 1
3.3750 5.0625 0
5.0625 7.5937 0
7.5937 11.3906 0
11.3906 17.0859 1
17.0859 25.6289 0
25.6289 38.4433 0
38.4433 57.6650 0
1110 1120
0.01 0.0115 5
0.0115 0.0173 5
0.0173 0.0260 2
0.0260 0.0390 1
0.0390 0.0585 1
0.0585 0.0877 0
0.0877 0.1316 1
0.1316 0.1975 0
0.1975 0.2962 1
0.2962 0.4444 3
0.4444 0.6666 0
0.6666 1.0000 1
1.0000 1.5000 0
1.5000 2.2500 0
2.2500 3.3750 0
3.3750 5.0625 0
5.0625 7.5937 0
7.5937 11.3906 0
11.3906 17.0859 0
17.0859 25.6289 0
25.6289 38.4433 0
38.4433 57.6650 0
1120 1130
0.01 0.0115 1
0.0115 0.0173 1
0.0173 0.0260 0
0.0260 0.0390 1
0.0390 0.0585 0
0.0585 0.0877 1
0.0877 0.1316 1
0.1316 0.1975 1
0.1975 0.2962 0
0.2962 0.4444 1
0.4444 0.6666 0
0.6666 1.0000 3
1.0000 1.5000 0
1.5000 2.2500 0
2.2500 3.3750 0
3.3750 5.0625 0
5.0625 7.5937 0
7.5937 11.3906 0
11.3906 17.0859 0
17.0859 25.6289 0
25.6289 38.4433 0
38.4433 57.6650 0
1130 1140
0.01 0.0115 0
0.0115 0.0173 0
0.0173 0.0260 2
0.0260 0.0390 2
0.0390 0.0585 0
0.0585 0.0877 1
0.0877 0.1316 1
0.1316 0.1975 0
0.1975 0.2962 2
0.2962 0.4444 1
0.4444 0.6666 0
0.6666 1.0000 0
1.0000 1.5000 0
1.5000 2.2500 0
2.2500 3.3750 0
3.3750 5.0625 0
5.0625 7.5937 0
7.5937 11.3906 0
11.3906 17.0859 0
17.0859 25.6289 0
25.6289 38.4433 0
38.4433 57.6650 0
1140 1150
0.01 0.0115 1
0.0115 0.0173 1
0.0173 0.0260 0
0.0260 0.0390 1
0.0390 0.0585 3
0.0585 0.0877 0
0.0877 0.1316 0
0.1316 0.1975 1
0.1975 0.2962 1
0.2962 0.4444 0
0.4444 0.6666 0
0.6666 1.0000 2
1.0000 1.5000 0
1.5000 2.2500 0
2.2500 3.3750 0
3.3750 5.0625 0
5.0625 7.5937 0
7.5937 11.3906 0
11.3906 17.0859 0
17.0859 25.6289 0
25.6289 38.4433 0
38.4433 57.6650 0
1150 1160
0.01 0.0115 8
0.0115 0.0173 8
0.0173 0.0260 2
0.0260 0.0390 5
0.0390 0.0585 1
0.0585 0.0877 1
0.0877 0.1316 3
0.1316 0.1975 1
0.1975 0.2962 1
0.2962 0.4444 1
0.4444 0.6666 1
0.6666 1.0000 2
1.0000 1.5000 0
1.5000 2.2500 1
2.2500 3.3750 0
3.3750 5.0625 0
5.0625 7.5937 0
7.5937 11.3906 0
11.3906 17.0859 0
17.0859 25.6289 0
25.6289 38.4433 0
38.4433 57.6650 0
1160 1170
0.01 0.0115 4
0.0115 0.0173 4
0.0173 0.0260 2
0.0260 0.0390 1
0.0390 0.0585 0
0.0585 0.0877 1
0.0877 0.1316 1
0.1316 0.1975 0
0.1975 0.2962 1
0.2962 0.4444 2
0.4444 0.6666 0
0.6666 1.0000 0
1.0000 1.5000 1
1.5000 2.2500 0
2.2500 3.3750 0
3.3750 5.0625 0
5.0625 7.5937 0
7.5937 11.3906 0
11.3906 17.0859 0
17.0859 25.6289 0
25.6289 38.4433 0
38.4433 57.6650 0
1170 1180
0.01 0.0115 7
0.0115 0.0173 7
0.0173 0.0260 0
0.0260 0.0390 2
0.0390 0.0585 0
0.0585 0.0877 1
0.0877 0.1316 3
0.1316 0.1975 2
0.1975 0.2962 1
0.2962 0.4444 0
0.4444 0.6666 0
0.6666 1.0000 0
1.0000 1.5000 0
1.5000 2.2500 0
2.2500 3.3750 0
3.3750 5.0625 0
5.0625 7.5937 0
7.5937 11.3906 0
11.3906 17.0859 0
17.0859 25.6289 0
25.6289 38.4433 0
38.4433 57.6650 0
1180 1190
0.01 0.0115 2
0.0115 0.0173 2
0.0173 0.0260 1
0.0260 0.0390 0
0.0390 0.0585 2
0.0585 0.0877 0
0.0877 0.1316 0
0.1316 0.1975 2
0.1975 0.2962 1
0.2962 0.4444 0
0.4444 0.6666 1
0.6666 1.0000 0
1.0000 1.5000 1
1.5000 2.2500 0
2.2500 3.3750 0
3.3750 5.0625 0
5.0625 7.5937 0
7.5937 11.3906 0
11.3906 17.0859 0
17.0859 25.6289 0
25.6289 38.4433 0
38.4433 57.6650 0
1190 1200
0.01 0.0115 0
0.0115 0.0173 0
0.0173 0.0260 1
0.0260 0.0390 1
0.0390 0.0585 0
0.0585 0.0877 0
0.0877 0.1316 1
0.1316 0.1975 0
0.1975 0.2962 0
0.2962 0.4444 0
0.4444 0.6666 0
0.6666 1.0000 0
1.0000 1.5000 1
1.5000 2.2500 0
2.2500 3.3750 0
3.3750 5.0625 0
5.0625 7.5937 0
7.5937 11.3906 0
11.3906 17.0859 0
17.0859 25.6289 0
25.6289 38.4433 0
38.4433 57.6650 0
1200 1210
0.01 0.0115 1
0.0115 0.0173 1
0.0173 0.0260 0
0.0260 0.0390 0
0.0390 0.0585 0
0.0585 0.0877 1
0.0877 0.1316 0
0.1316 0.1975 0
0.1975 0.2962 0
0.2962 0.4444 0
0.4444 0.6666 0
0.6666 1.0000 0
1.0000 1.5000 0
1.5000 2.2500 0
2.2500 3.3750 0
3.3750 5.0625 0
5.0625 7.5937 0
7.5937 11.3906 0
11.3906 17.0859 0
17.0859 25.6289 0
25.6289 38.4433 0
38.4433 57.6650 0
1210 1220
0.01 0.0115 1
0.0115 0.0173 1
0.0173 0.0260 0
0.0260 0.0390 0
0.0390 0.0585 0
0.0585 0.0877 0
0.0877 0.1316 0
0.1316 0.1975 0
0.1975 0.2962 1
0.2962 0.4444 0
0.4444 0.6666 1
0.6666 1.0000 0
1.0000 1.5000 0
1.5000 2.2500 0
2.2500 3.3750 0
3.3750 5.0625 0
5.0625 7.5937 0
7.5937 11.3906 0
11.3906 17.0859 0
17.0859 25.6289 0
25.6289 38.4433 0
38.4433 57.6650 0
1220 1230
0.01 0.0115 0
0.0115 0.0173 0
0.0173 0.0260 2
0.0260 0.0390 0
0.0390 0.0585 3
0.0585 0.0877 0
0.0877 0.1316 3
0.1316 0.1975 0
0.1975 0.2962 0
0.2962 0.4444 0
0.4444 0.6666 1
0.6666 1.0000 0
1.0000 1.5000 0
1.5000 2.2500 0
2.2500 3.3750 0
3.3750 5.0625 0
5.0625 7.5937 0
7.5937 11.3906 0
11.3906 17.0859 0
17.0859 25.6289 0
25.6289 38.4433 0
38.4433 57.6650 0
1230 1240
0.01 0.0115 4
0.0115 0.0173 4
0.0173 0.0260 6
0.0260 0.0390 4
0.0390 0.0585 6
0.0585 0.0877 1
0.0877 0.1316 0
0.1316 0.1975 3
0.1975 0.2962 1
0.2962 0.4444 0
0.4444 0.6666 0
0.6666 1.0000 0
1.0000 1.5000 0
1.5000 2.2500 1
2.2500 3.3750 0
3.3750 5.0625 0
5.0625 7.5937 0
7.5937 11.3906 0
11.3906 17.0859 0
17.0859 25.6289 0
25.6289 38.4433 0
38.4433 57.6650 0
1240 1250
0.01 0.0115 1
0.0115 0.0173 1
0.0173 0.0260 2
0.0260 0.0390 1
0.0390 0.0585 3
0.0585 0.0877 1
0.0877 0.1316 1
0.1316 0.1975 0
0.1975 0.2962 0
0.2962 0.4444 0
0.4444 0.6666 0
0.6666 1.0000 0
1.0000 1.5000 1
1.5000 2.2500 1
2.2500 3.3750 0
3.3750 5.0625 1
5.0625 7.5937 0
7.5937 11.3906 0
11.3906 17.0859 0
17.0859 25.6289 0
25.6289 38.4433 0
38.4433 57.6650 0
1250 1260
0.01 0.0115 0
0.0115 0.0173 0
0.0173 0.0260 1
0.0260 0.0390 8
0.0390 0.0585 3
0.0585 0.0877 0
0.0877 0.1316 1
0.1316 0.1975 0
0.1975 0.2962 0
0.2962 0.4444 0
0.4444 0.6666 2
0.6666 1.0000 0
1.0000 1.5000 0
1.5000 2.2500 4
2.2500 3.3750 0
3.3750 5.0625 0
5.0625 7.5937 0
7.5937 11.3906 0
11.3906 17.0859 0
17.0859 25.6289 0
25.6289 38.4433 0
38.4433 57.6650 0
1260 1270
0.01 0.0115 0
0.0115 0.0173 0
0.0173 0.0260 0
0.0260 0.0390 0
0.0390 0.0585 2
0.0585 0.0877 0
0.0877 0.1316 1
0.1316 0.1975 0
0.1975 0.2962 0
0.2962 0.4444 1
0.4444 0.6666 0
0.6666 1.0000 0
1.0000 1.5000 0
1.5000 2.2500 0
2.2500 3.3750 0
3.3750 5.0625 0
5.0625 7.5937 0
7.5937 11.3906 0
11.3906 17.0859 0
17.0859 25.6289 0
25.6289 38.4433 0
38.4433 57.6650 0
1270 1280
0.01 0.0115 2
0.0115 0.0173 2
0.0173 0.0260 0
0.0260 0.0390 1
0.0390 0.0585 0
0.0585 0.0877 0
0.0877 0.1316 0
0.1316 0.1975 0
0.1975 0.2962 0
0.2962 0.4444 2
0.4444 0.6666 0
0.6666 1.0000 0
1.0000 1.5000 0
1.5000 2.2500 0
2.2500 3.3750 0
3.3750 5.0625 0
5.0625 7.5937 0
7.5937 11.3906 0
11.3906 17.0859 0
17.0859 25.6289 0
25.6289 38.4433 0
38.4433 57.6650 0
1280 1290
0.01 0.0115 3
0.0115 0.0173 3
0.0173 0.0260 0
0.0260 0.0390 3
0.0390 0.0585 0
0.0585 0.0877 0
0.0877 0.1316 0
0.1316 0.1975 1
0.1975 0.2962 3
0.2962 0.4444 0
0.4444 0.6666 1
0.6666 1.0000 1
1.0000 1.5000 1
1.5000 2.2500 2
2.2500 3.3750 0
3.3750 5.0625 0
5.0625 7.5937 0
7.5937 11.3906 0
11.3906 17.0859 0
17.0859 25.6289 0
25.6289 38.4433 0
38.4433 57.6650 0
1290 1300
0.01 0.0115 4
0.0115 0.0173 4
0.0173 0.0260 0
0.0260 0.0390 0
0.0390 0.0585 0
0.0585 0.0877 0
0.0877 0.1316 0
0.1316 0.1975 0
0.1975 0.2962 0
0.2962 0.4444 0
0.4444 0.6666 0
0.6666 1.0000 0
1.0000 1.5000 0
1.5000 2.2500 0
2.2500 3.3750 1
3.3750 5.0625 0
5.0625 7.5937 0
7.5937 11.3906 0
11.3906 17.0859 0
17.0859 25.6289 0
25.6289 38.4433 0
38.4433 57.6650 0
1300 1310
0.01 0.0115 1
0.0115 0.0173 1
0.0173 0.0260 0
0.0260 0.0390 0
0.0390 0.0585 0
0.0585 0.0877 0
0.0877 0.1316 0
0.1316 0.1975 0
0.1975 0.2962 0
0.2962 0.4444 0
0.4444 0.6666 0
0.6666 1.0000 0
1.0000 1.5000 0
1.5000 2.2500 2
2.2500 3.3750 0
3.3750 5.0625 0
5.0625 7.5937 0
7.5937 11.3906 0
11.3906 17.0859 0
17.0859 25.6289 0
25.6289 38.4433 0
38.4433 57.6650 0
1310 1320
0.01 0.0115 0
0.0115 0.0173 0
0.0173 0.0260 0
0.0260 0.0390 0
0.0390 0.0585 1
0.0585 0.0877 0
0.0877 0.1316 0
0.1316 0.1975 0
0.1975 0.2962 0
0.2962 0.4444 0
0.4444 0.6666 0
0.6666 1.0000 0
1.0000 1.5000 1
1.5000 2.2500 0
2.2500 3.3750 0
3.3750 5.0625 0
5.0625 7.5937 0
7.5937 11.3906 0
11.3906 17.0859 0
17.0859 25.6289 0
25.6289 38.4433 0
38.4433 57.6650 0
1320 1330
0.01 0.0115 2
0.0115 0.0173 2
0.0173 0.0260 1
0.0260 0.0390 0
0.0390 0.0585 0
0.0585 0.0877 1
0.0877 0.1316 2
0.1316 0.1975 0
0.1975 0.2962 0
0.2962 0.4444 1
0.4444 0.6666 1
0.6666 1.0000 1
1.0000 1.5000 1
1.5000 2.2500 0
2.2500 3.3750 0
3.3750 5.0625 1
5.0625 7.5937 0
7.5937 11.3906 0
11.3906 17.0859 0
17.0859 25.6289 0
25.6289 38.4433 0
38.4433 57.6650 0
1330 1340
0.01 0.0115 0
0.0115 0.0173 0
0.0173 0.0260 0
0.0260 0.0390 3
0.0390 0.0585 1
0.0585 0.0877 0
0.0877 0.1316 0
0.1316 0.1975 1
0.1975 0.2962 0
0.2962 0.4444 0
0.4444 0.6666 0
0.6666 1.0000 0
1.0000 1.5000 0
1.5000 2.2500 0
2.2500 3.3750 0
3.3750 5.0625 0
5.0625 7.5937 0
7.5937 11.3906 0
11.3906 17.0859 0
17.0859 25.6289 0
25.6289 38.4433 0
38.4433 57.6650 0
1340 1350
0.01 0.0115 2
0.0115 0.0173 2
0.0173 0.0260 1
0.0260 0.0390 0
0.0390 0.0585 0
0.0585 0.0877 0
0.0877 0.1316 2
0.1316 0.1975 0
0.1975 0.2962 0
0.2962 0.4444 0
0.4444 0.6666 0
0.6666 1.0000 0
1.0000 1.5000 0
1.5000 2.2500 0
2.2500 3.3750 0
3.3750 5.0625 1
5.0625 7.5937 1
7.5937 11.3906 0
11.3906 17.0859 0
17.0859 25.6289 0
25.6289 38.4433 0
38.4433 57.6650 0
1350 1360
0.01 0.0115 1
0.0115 0.0173 1
0.0173 0.0260 2
0.0260 0.0390 0
0.0390 0.0585 1
0.0585 0.0877 0
0.0877 0.1316 0
0.1316 0.1975 0
0.1975 0.2962 2
0.2962 0.4444 0
0.4444 0.6666 1
0.6666 1.0000 0
1.0000 1.5000 0
1.5000 2.2500 1
2.2500 3.3750 2
3.3750 5.0625 0
5.0625 7.5937 0
7.5937 11.3906 0
11.3906 17.0859 0
17.0859 25.6289 0
25.6289 38.4433 0
38.4433 57.6650 0
1360 1370
0.01 0.0115 0
0.0115 0.0173 0
0.0173 0.0260 0
0.0260 0.0390 1
0.0390 0.0585 0
0.0585 0.0877 0
0.0877 0.1316 1
0.1316 0.1975 1
0.1975 0.2962 0
0.2962 0.4444 2
0.4444 0.6666 1
0.6666 1.0000 1
1.0000 1.5000 0
1.5000 2.2500 0
2.2500 3.3750 0
3.3750 5.0625 0
5.0625 7.5937 0
7.5937 11.3906 0
11.3906 17.0859 0
17.0859 25.6289 0
25.6289 38.4433 0
38.4433 57.6650 0
1370 1380
0.01 0.0115 1
0.0115 0.0173 1
0.0173 0.0260 1
0.0260 0.0390 2
0.0390 0.0585 0
0.0585 0.0877 0
0.0877 0.1316 0
0.1316 0.1975 1
0.1975 0.2962 0
0.2962 0.4444 1
0.4444 0.6666 0
0.6666 1.0000 0
1.0000 1.5000 0
1.5000 2.2500 1
2.2500 3.3750 1
3.3750 5.0625 0
5.0625 7.5937 0
7.5937 11.3906 0
11.3906 17.0859 0
17.0859 25.6289 0
25.6289 38.4433 0
38.4433 57.6650 0
1380 1390
0.01 0.0115 0
0.0115 0.0173 0
0.0173 0.0260 2
0.0260 0.0390 2
0.0390 0.0585 0
0.0585 0.0877 1
0.0877 0.1316 2
0.1316 0.1975 1
0.1975 0.2962 0
0.2962 0.4444 0
0.4444 0.6666 0
0.6666 1.0000 1
1.0000 1.5000 0
1.5000 2.2500 0
2.2500 3.3750 2
3.3750 5.0625 0
5.0625 7.5937 0
7.5937 11.3906 0
11.3906 17.0859 1
17.0859 25.6289 0
25.6289 38.4433 0
38.4433 57.6650 0
1390 1400
0.01 0.0115 0
0.0115 0.0173 0
0.0173 0.0260 0
0.0260 0.0390 0
0.0390 0.0585 1
0.0585 0.0877 0
0.0877 0.1316 0
0.1316 0.1975 0
0.1975 0.2962 0
0.2962 0.4444 0
0.4444 0.6666 0
0.6666 1.0000 0
1.0000 1.5000 1
1.5000 2.2500 0
2.2500 3.3750 0
3.3750 5.0625 1
5.0625 7.5937 0
7.5937 11.3906 0
11.3906 17.0859 0
17.0859 25.6289 0
25.6289 38.4433 0
38.4433 57.6650 0
1400 1410
0.01 0.0115 2
0.0115 0.0173 2
0.0173 0.0260 0
0.0260 0.0390 1
0.0390 0.0585 0
0.0585 0.0877 1
0.0877 0.1316 0
0.1316 0.1975 0
0.1975 0.2962 0
0.2962 0.4444 0
0.4444 0.6666 0
0.6666 1.0000 0
1.0000 1.5000 1
1.5000 2.2500 0
2.2500 3.3750 0
3.3750 5.0625 0
5.0625 7.5937 0
7.5937 11.3906 0
11.3906 17.0859 0
17.0859 25.6289 0
25.6289 38.4433 0
38.4433 57.6650 0
1410 1420
0.01 0.0115 0
0.0115 0.0173 0
0.0173 0.0260 3
0.0260 0.0390 4
0.0390 0.0585 1
0.0585 0.0877 0
0.0877 0.1316 0
0.1316 0.1975 0
0.1975 0.2962 2
0.2962 0.4444 0
0.4444 0.6666 0
0.6666 1.0000 0
1.0000 1.5000 0
1.5000 2.2500 1
2.2500 3.3750 0
3.3750 5.0625 0
5.0625 7.5937 0
7.5937 11.3906 0
11.3906 17.0859 0
17.0859 25.6289 0
25.6289 38.4433 0
38.4433 57.6650 0
1420 1430
0.01 0.0115 0
0.0115 0.0173 0
0.0173 0.0260 8
0.0260 0.0390 2
0.0390 0.0585 0
0.0585 0.0877 6
0.0877 0.1316 4
0.1316 0.1975 5
0.1975 0.2962 1
0.2962 0.4444 2
0.4444 0.6666 2
0.6666 1.0000 0
1.0000 1.5000 2
1.5000 2.2500 0
2.2500 3.3750 3
3.3750 5.0625 1
5.0625 7.5937 0
7.5937 11.3906 1
11.3906 17.0859 0
17.0859 25.6289 0
25.6289 38.4433 0
38.4433 57.6650 0
1430 1440
0.01 0.0115 3
0.0115 0.0173 3
0.0173 0.0260 5
0.0260 0.0390 5
0.0390 0.0585 3
0.0585 0.0877 1
0.0877 0.1316 0
0.1316 0.1975 1
0.1975 0.2962 0
0.2962 0.4444 0
0.4444 0.6666 0
0.6666 1.0000 0
1.0000 1.5000 1
1.5000 2.2500 0
2.2500 3.3750 0
3.3750 5.0625 0
5.0625 7.5937 0
7.5937 11.3906 0
11.3906 17.0859 0
17.0859 25.6289 0
25.6289 38.4433 0
38.4433 57.6650 0
