0 10
0.0 1.0 561
1.5 2.2 65
2.2 3.3 29
3.3 5.0 61
5.0 7.5 66
7.5 11.3 0
11.3 17.0 24
17.0 25.6 120
25.6 38.4 76
38.4 57.6 42
57.6 86.4 106
86.4 129.7 54
129.7 194.6 27
194.6 291.9 27
291.9 437.8 73
437.8 656.8 80
656.8 985.2 49
985.2 1477.8 17
1477.8 2216.8 35
2216.8 3325.2 10
3325.2 4987.8 33
4987.8 7481.8 7
7481.8 11222.7 0
11222.7 16834.1 0
10 20
0.0 1.0 527
1.5 2.2 0
2.2 3.3 80
3.3 5.0 0
5.0 7.5 0
7.5 11.3 102
11.3 17.0 168
17.0 25.6 40
25.6 38.4 127
38.4 57.6 44
57.6 86.4 166
86.4 129.7 0
129.7 194.6 91
194.6 291.9 92
291.9 437.8 0
437.8 656.8 0
656.8 985.2 0
985.2 1477.8 0
1477.8 2216.8 0
2216.8 3325.2 0
3325.2 4987.8 0
4987.8 7481.8 0
7481.8 11222.7 0
11222.7 16834.1 0
20 30
0.0 1.0 1008
1.5 2.2 97
2.2 3.3 26
3.3 5.0 65
5.0 7.5 242
7.5 11.3 132
11.3 17.0 48
17.0 25.6 78
25.6 38.4 51
38.4 57.6 169
57.6 86.4 366
86.4 129.7 97
129.7 194.6 65
194.6 291.9 81
291.9 437.8 71
437.8 656.8 11
656.8 985.2 18
985.2 1477.8 0
1477.8 2216.8 0
2216.8 3325.2 0
3325.2 4987.8 0
4987.8 7481.8 0
7481.8 11222.7 0
11222.7 16834.1 0
30 40
0.0 1.0 1012
1.5 2.2 196
2.2 3.3 0
3.3 5.0 0
5.0 7.5 0
7.5 11.3 43
11.3 17.0 0
17.0 25.6 0
25.6 38.4 117
38.4 57.6 1
57.6 86.4 0
86.4 129.7 0
129.7 194.6 70
194.6 291.9 105
291.9 437.8 52
437.8 656.8 64
656.8 985.2 59
985.2 1477.8 0
1477.8 2216.8 60
2216.8 3325.2 0
3325.2 4987.8 0
4987.8 7481.8 0
7481.8 11222.7 0
11222.7 16834.1 0
40 50
0.0 1.0 1629
1.5 2.2 168
2.2 3.3 0
3.3 5.0 0
5.0 7.5 37
7.5 11.3 461
11.3 17.0 0
17.0 25.6 81
25.6 38.4 117
38.4 57.6 329
57.6 86.4 81
86.4 129.7 83
129.7 194.6 0
194.6 291.9 82
291.9 437.8 1
437.8 656.8 164
656.8 985.2 0
985.2 1477.8 82
1477.8 2216.8 0
2216.8 3325.2 0
3325.2 4987.8 0
4987.8 7481.8 0
7481.8 11222.7 0
11222.7 16834.1 0
50 60
0.0 1.0 484
1.5 2.2 50
2.2 3.3 0
3.3 5.0 0
5.0 7.5 76
7.5 11.3 0
11.3 17.0 63
17.0 25.6 0
25.6 38.4 81
38.4 57.6 64
57.6 86.4 78
86.4 129.7 0
129.7 194.6 0
194.6 291.9 54
291.9 437.8 0
437.8 656.8 0
656.8 985.2 0
985.2 1477.8 0
1477.8 2216.8 0
2216.8 3325.2 0
3325.2 4987.8 0
4987.8 7481.8 0
7481.8 11222.7 0
11222.7 16834.1 0
60 70
0.0 1.0 600
1.5 2.2 0
2.2 3.3 0
3.3 5.0 0
5.0 7.5 0
7.5 11.3 0
11.3 17.0 0
17.0 25.6 0
25.6 38.4 184
38.4 57.6 0
57.6 86.4 48
86.4 129.7 0
129.7 194.6 0
194.6 291.9 0
291.9 437.8 0
437.8 656.8 0
656.8 985.2 0
985.2 1477.8 0
1477.8 2216.8 0
2216.8 3325.2 0
3325.2 4987.8 0
4987.8 7481.8 0
7481.8 11222.7 0
11222.7 16834.1 0
70 80
0.0 1.0 513
1.5 2.2 2
2.2 3.3 0
3.3 5.0 84
5.0 7.5 0
7.5 11.3 106
11.3 17.0 0
17.0 25.6 0
25.6 38.4 102
38.4 57.6 0
57.6 86.4 89
86.4 129.7 0
129.7 194.6 0
194.6 291.9 0
291.9 437.8 0
437.8 656.8 1
656.8 985.2 102
985.2 1477.8 0
1477.8 2216.8 0
2216.8 3325.2 0
3325.2 4987.8 0
4987.8 7481.8 0
7481.8 11222.7 0
11222.7 16834.1 0
80 90
0.0 1.0 358
1.5 2.2 0
2.2 3.3 0
3.3 5.0 0
5.0 7.5 0
7.5 11.3 62
11.3 17.0 0
17.0 25.6 0
25.6 38.4 0
38.4 57.6 64
57.6 86.4 0
86.4 129.7 0
129.7 194.6 0
194.6 291.9 49
291.9 437.8 27
437.8 656.8 0
656.8 985.2 0
985.2 1477.8 0
1477.8 2216.8 0
2216.8 3325.2 0
3325.2 4987.8 0
4987.8 7481.8 0
7481.8 11222.7 0
11222.7 16834.1 0
90 100
0.0 1.0 345
1.5 2.2 11
2.2 3.3 27
3.3 5.0 10
5.0 7.5 143
7.5 11.3 27
11.3 17.0 60
17.0 25.6 30
25.6 38.4 41
38.4 57.6 19
57.6 86.4 63
86.4 129.7 84
129.7 194.6 33
194.6 291.9 8
291.9 437.8 29
437.8 656.8 0
656.8 985.2 0
985.2 1477.8 0
1477.8 2216.8 0
2216.8 3325.2 0
3325.2 4987.8 0
4987.8 7481.8 0
7481.8 11222.7 0
11222.7 16834.1 0
100 110
0.0 1.0 843
1.5 2.2 134
2.2 3.3 429
3.3 5.0 168
5.0 7.5 206
7.5 11.3 308
11.3 17.0 284
17.0 25.6 112
25.6 38.4 276
38.4 57.6 809
57.6 86.4 445
86.4 129.7 165
129.7 194.6 120
194.6 291.9 20
291.9 437.8 74
437.8 656.8 0
656.8 985.2 80
985.2 1477.8 0
1477.8 2216.8 0
2216.8 3325.2 0
3325.2 4987.8 0
4987.8 7481.8 0
7481.8 11222.7 0
11222.7 16834.1 0
110 120
0.0 1.0 2114
1.5 2.2 450
2.2 3.3 70
3.3 5.0 57
5.0 7.5 0
7.5 11.3 248
11.3 17.0 251
17.0 25.6 183
25.6 38.4 189
38.4 57.6 614
57.6 86.4 121
86.4 129.7 218
129.7 194.6 55
194.6 291.9 60
291.9 437.8 187
437.8 656.8 61
656.8 985.2 65
985.2 1477.8 0
1477.8 2216.8 0
2216.8 3325.2 0
3325.2 4987.8 0
4987.8 7481.8 0
7481.8 11222.7 0
11222.7 16834.1 0
120 130
0.0 1.0 1666
1.5 2.2 161
2.2 3.3 109
3.3 5.0 0
5.0 7.5 0
7.5 11.3 0
11.3 17.0 116
17.0 25.6 60
25.6 38.4 122
38.4 57.6 0
57.6 86.4 235
86.4 129.7 0
129.7 194.6 0
194.6 291.9 0
291.9 437.8 63
437.8 656.8 0
656.8 985.2 0
985.2 1477.8 0
1477.8 2216.8 0
2216.8 3325.2 0
3325.2 4987.8 0
4987.8 7481.8 0
7481.8 11222.7 0
11222.7 16834.1 0
130 140
0.0 1.0 919
1.5 2.2 37
2.2 3.3 114
3.3 5.0 199
5.0 7.5 151
7.5 11.3 217
11.3 17.0 126
17.0 25.6 23
25.6 38.4 24
38.4 57.6 86
57.6 86.4 91
86.4 129.7 38
129.7 194.6 0
194.6 291.9 64
291.9 437.8 71
437.8 656.8 0
656.8 985.2 0
985.2 1477.8 0
1477.8 2216.8 0
2216.8 3325.2 0
3325.2 4987.8 0
4987.8 7481.8 0
7481.8 11222.7 0
11222.7 16834.1 0
140 150
0.0 1.0 1373
1.5 2.2 88
2.2 3.3 0
3.3 5.0 101
5.0 7.5 108
7.5 11.3 0
11.3 17.0 171
17.0 25.6 0
25.6 38.4 14
38.4 57.6 83
57.6 86.4 346
86.4 129.7 89
129.7 194.6 222
194.6 291.9 82
291.9 437.8 111
437.8 656.8 5
656.8 985.2 0
985.2 1477.8 49
1477.8 2216.8 0
2216.8 3325.2 24
3325.2 4987.8 0
4987.8 7481.8 0
7481.8 11222.7 0
11222.7 16834.1 0
150 160
0.0 1.0 2793
1.5 2.2 99
2.2 3.3 97
3.3 5.0 0
5.0 7.5 0
7.5 11.3 195
11.3 17.0 100
17.0 25.6 0
25.6 38.4 98
38.4 57.6 0
57.6 86.4 102
86.4 129.7 89
129.7 194.6 0
194.6 291.9 0
291.9 437.8 3
437.8 656.8 0
656.8 985.2 0
985.2 1477.8 90
1477.8 2216.8 0
2216.8 3325.2 0
3325.2 4987.8 0
4987.8 7481.8 0
7481.8 11222.7 0
11222.7 16834.1 0
160 170
0.0 1.0 902
1.5 2.2 257
2.2 3.3 52
3.3 5.0 52
5.0 7.5 0
7.5 11.3 0
11.3 17.0 89
17.0 25.6 0
25.6 38.4 78
38.4 57.6 0
57.6 86.4 148
86.4 129.7 77
129.7 194.6 0
194.6 291.9 0
291.9 437.8 0
437.8 656.8 0
656.8 985.2 0
985.2 1477.8 0
1477.8 2216.8 0
2216.8 3325.2 0
3325.2 4987.8 0
4987.8 7481.8 0
7481.8 11222.7 0
11222.7 16834.1 0
170 180
0.0 1.0 1514
1.5 2.2 53
2.2 3.3 0
3.3 5.0 70
5.0 7.5 28
7.5 11.3 0
11.3 17.0 150
17.0 25.6 0
25.6 38.4 0
38.4 57.6 45
57.6 86.4 122
86.4 129.7 116
129.7 194.6 45
194.6 291.9 0
291.9 437.8 54
437.8 656.8 0
656.8 985.2 0
985.2 1477.8 0
1477.8 2216.8 0
2216.8 3325.2 0
3325.2 4987.8 0
4987.8 7481.8 0
7481.8 11222.7 0
11222.7 16834.1 0
180 190
0.0 1.0 992
1.5 2.2 486
2.2 3.3 2
3.3 5.0 149
5.0 7.5 0
7.5 11.3 44
11.3 17.0 109
17.0 25.6 167
25.6 38.4 46
38.4 57.6 482
57.6 86.4 130
86.4 129.7 85
129.7 194.6 151
194.6 291.9 0
291.9 437.8 0
437.8 656.8 0
656.8 985.2 50
985.2 1477.8 0
1477.8 2216.8 0
2216.8 3325.2 0
3325.2 4987.8 0
4987.8 7481.8 0
7481.8 11222.7 0
11222.7 16834.1 0
190 200
0.0 1.0 1827
1.5 2.2 671
2.2 3.3 74
3.3 5.0 153
5.0 7.5 390
7.5 11.3 286
11.3 17.0 423
17.0 25.6 200
25.6 38.4 157
38.4 57.6 658
57.6 86.4 549
86.4 129.7 90
129.7 194.6 138
194.6 291.9 138
291.9 437.8 77
437.8 656.8 0
656.8 985.2 0
985.2 1477.8 0
1477.8 2216.8 0
2216.8 3325.2 0
3325.2 4987.8 0
4987.8 7481.8 0
7481.8 11222.7 0
11222.7 16834.1 0
200 210
0.0 1.0 2346
1.5 2.2 664
2.2 3.3 0
3.3 5.0 226
5.0 7.5 217
7.5 11.3 463
11.3 17.0 107
17.0 25.6 112
25.6 38.4 213
38.4 57.6 115
57.6 86.4 108
86.4 129.7 0
129.7 194.6 117
194.6 291.9 0
291.9 437.8 0
437.8 656.8 0
656.8 985.2 0
985.2 1477.8 0
1477.8 2216.8 0
2216.8 3325.2 0
3325.2 4987.8 0
4987.8 7481.8 0
7481.8 11222.7 0
11222.7 16834.1 0
210 220
0.0 1.0 1873
1.5 2.2 81
2.2 3.3 82
3.3 5.0 0
5.0 7.5 170
7.5 11.3 0
11.3 17.0 96
17.0 25.6 0
25.6 38.4 78
38.4 57.6 187
57.6 86.4 0
86.4 129.7 166
129.7 194.6 0
194.6 291.9 0
291.9 437.8 0
437.8 656.8 0
656.8 985.2 0
985.2 1477.8 0
1477.8 2216.8 0
2216.8 3325.2 0
3325.2 4987.8 0
4987.8 7481.8 0
7481.8 11222.7 0
11222.7 16834.1 0
220 230
0.0 1.0 1090
1.5 2.2 410
2.2 3.3 97
3.3 5.0 61
5.0 7.5 0
7.5 11.3 0
11.3 17.0 329
17.0 25.6 98
25.6 38.4 45
38.4 57.6 980
57.6 86.4 0
86.4 129.7 0
129.7 194.6 0
194.6 291.9 0
291.9 437.8 134
437.8 656.8 0
656.8 985.2 0
985.2 1477.8 0
1477.8 2216.8 0
2216.8 3325.2 0
3325.2 4987.8 0
4987.8 7481.8 0
7481.8 11222.7 0
11222.7 16834.1 0
230 240
0.0 1.0 453
1.5 2.2 0
2.2 3.3 52
3.3 5.0 2
5.0 7.5 52
7.5 11.3 0
11.3 17.0 47
17.0 25.6 0
25.6 38.4 93
38.4 57.6 1064
57.6 86.4 45
86.4 129.7 101
129.7 194.6 63
194.6 291.9 0
291.9 437.8 19
437.8 656.8 17
656.8 985.2 0
985.2 1477.8 90
1477.8 2216.8 67
2216.8 3325.2 0
3325.2 4987.8 0
4987.8 7481.8 0
7481.8 11222.7 0
11222.7 16834.1 0
240 250
0.0 1.0 951
1.5 2.2 99
2.2 3.3 0
3.3 5.0 84
5.0 7.5 90
7.5 11.3 99
11.3 17.0 43
17.0 25.6 39
25.6 38.4 66
38.4 57.6 82
57.6 86.4 0
86.4 129.7 0
129.7 194.6 0
194.6 291.9 0
291.9 437.8 0
437.8 656.8 0
656.8 985.2 0
985.2 1477.8 0
1477.8 2216.8 0
2216.8 3325.2 0
3325.2 4987.8 0
4987.8 7481.8 0
7481.8 11222.7 0
11222.7 16834.1 0
250 260
0.0 1.0 845
1.5 2.2 2
2.2 3.3 33
3.3 5.0 56
5.0 7.5 0
7.5 11.3 0
11.3 17.0 50
17.0 25.6 0
25.6 38.4 39
38.4 57.6 40
57.6 86.4 0
86.4 129.7 1
129.7 194.6 60
194.6 291.9 0
291.9 437.8 0
437.8 656.8 0
656.8 985.2 0
985.2 1477.8 0
1477.8 2216.8 0
2216.8 3325.2 0
3325.2 4987.8 0
4987.8 7481.8 0
7481.8 11222.7 0
11222.7 16834.1 0
260 270
0.0 1.0 1613
1.5 2.2 0
2.2 3.3 90
3.3 5.0 263
5.0 7.5 64
7.5 11.3 0
11.3 17.0 0
17.0 25.6 0
25.6 38.4 0
38.4 57.6 64
57.6 86.4 0
86.4 129.7 272
129.7 194.6 97
194.6 291.9 0
291.9 437.8 0
437.8 656.8 0
656.8 985.2 0
985.2 1477.8 0
1477.8 2216.8 0
2216.8 3325.2 0
3325.2 4987.8 0
4987.8 7481.8 0
7481.8 11222.7 0
11222.7 16834.1 0
270 280
0.0 1.0 2739
1.5 2.2 0
2.2 3.3 257
3.3 5.0 5
5.0 7.5 8
7.5 11.3 2
11.3 17.0 271
17.0 25.6 0
25.6 38.4 11
38.4 57.6 366
57.6 86.4 476
86.4 129.7 325
129.7 194.6 0
194.6 291.9 261
291.9 437.8 251
437.8 656.8 0
656.8 985.2 0
985.2 1477.8 0
1477.8 2216.8 0
2216.8 3325.2 0
3325.2 4987.8 0
4987.8 7481.8 0
7481.8 11222.7 0
11222.7 16834.1 0
280 290
0.0 1.0 4064
1.5 2.2 0
2.2 3.3 189
3.3 5.0 167
5.0 7.5 164
7.5 11.3 173
11.3 17.0 0
17.0 25.6 161
25.6 38.4 177
38.4 57.6 311
57.6 86.4 0
86.4 129.7 0
129.7 194.6 0
194.6 291.9 0
291.9 437.8 154
437.8 656.8 0
656.8 985.2 0
985.2 1477.8 0
1477.8 2216.8 0
2216.8 3325.2 0
3325.2 4987.8 0
4987.8 7481.8 0
7481.8 11222.7 0
11222.7 16834.1 0
290 300
0.0 1.0 932
1.5 2.2 0
2.2 3.3 0
3.3 5.0 0
5.0 7.5 0
7.5 11.3 0
11.3 17.0 0
17.0 25.6 0
25.6 38.4 0
38.4 57.6 0
57.6 86.4 0
86.4 129.7 0
129.7 194.6 0
194.6 291.9 0
291.9 437.8 0
437.8 656.8 0
656.8 985.2 0
985.2 1477.8 0
1477.8 2216.8 0
2216.8 3325.2 0
3325.2 4987.8 0
4987.8 7481.8 0
7481.8 11222.7 0
11222.7 16834.1 0
300 310
0.0 1.0 1449
1.5 2.2 63
2.2 3.3 109
3.3 5.0 108
5.0 7.5 109
7.5 11.3 94
11.3 17.0 285
17.0 25.6 138
25.6 38.4 176
38.4 57.6 976
57.6 86.4 0
86.4 129.7 0
129.7 194.6 109
194.6 291.9 0
291.9 437.8 0
437.8 656.8 70
656.8 985.2 0
985.2 1477.8 107
1477.8 2216.8 0
2216.8 3325.2 0
3325.2 4987.8 0
4987.8 7481.8 0
7481.8 11222.7 0
11222.7 16834.1 0
310 320
0.0 1.0 261
1.5 2.2 0
2.2 3.3 0
3.3 5.0 30
5.0 7.5 50
7.5 11.3 0
11.3 17.0 0
17.0 25.6 0
25.6 38.4 181
38.4 57.6 297
57.6 86.4 30
86.4 129.7 0
129.7 194.6 37
194.6 291.9 0
291.9 437.8 0
437.8 656.8 1
656.8 985.2 34
985.2 1477.8 0
1477.8 2216.8 0
2216.8 3325.2 0
3325.2 4987.8 0
4987.8 7481.8 0
7481.8 11222.7 0
11222.7 16834.1 0
320 330
0.0 1.0 768
1.5 2.2 63
2.2 3.3 139
3.3 5.0 0
5.0 7.5 0
7.5 11.3 2
11.3 17.0 103
17.0 25.6 0
25.6 38.4 0
38.4 57.6 0
57.6 86.4 0
86.4 129.7 0
129.7 194.6 0
194.6 291.9 1
291.9 437.8 63
437.8 656.8 0
656.8 985.2 5
985.2 1477.8 0
1477.8 2216.8 0
2216.8 3325.2 0
3325.2 4987.8 67
4987.8 7481.8 0
7481.8 11222.7 0
11222.7 16834.1 0
330 340
0.0 1.0 1386
1.5 2.2 0
2.2 3.3 0
3.3 5.0 178
5.0 7.5 0
7.5 11.3 175
11.3 17.0 0
17.0 25.6 168
25.6 38.4 0
38.4 57.6 0
57.6 86.4 0
86.4 129.7 0
129.7 194.6 0
194.6 291.9 0
291.9 437.8 0
437.8 656.8 0
656.8 985.2 0
985.2 1477.8 0
1477.8 2216.8 0
2216.8 3325.2 0
3325.2 4987.8 0
4987.8 7481.8 0
7481.8 11222.7 0
11222.7 16834.1 0
340 350
0.0 1.0 942
1.5 2.2 254
2.2 3.3 0
3.3 5.0 0
5.0 7.5 155
7.5 11.3 0
11.3 17.0 0
17.0 25.6 0
25.6 38.4 0
38.4 57.6 0
57.6 86.4 0
86.4 129.7 0
129.7 194.6 0
194.6 291.9 0
291.9 437.8 0
437.8 656.8 0
656.8 985.2 0
985.2 1477.8 0
1477.8 2216.8 0
2216.8 3325.2 0
3325.2 4987.8 0
4987.8 7481.8 0
7481.8 11222.7 0
11222.7 16834.1 0
350 360
0.0 1.0 971
1.5 2.2 0
2.2 3.3 107
3.3 5.0 220
5.0 7.5 0
7.5 11.3 0
11.3 17.0 128
17.0 25.6 0
25.6 38.4 0
38.4 57.6 0
57.6 86.4 0
86.4 129.7 0
129.7 194.6 0
194.6 291.9 0
291.9 437.8 0
437.8 656.8 0
656.8 985.2 0
985.2 1477.8 0
1477.8 2216.8 0
2216.8 3325.2 0
3325.2 4987.8 0
4987.8 7481.8 0
7481.8 11222.7 0
11222.7 16834.1 0
360 370
0.0 1.0 1481
1.5 2.2 184
2.2 3.3 262
3.3 5.0 159
5.0 7.5 0
7.5 11.3 0
11.3 17.0 0
17.0 25.6 0
25.6 38.4 138
38.4 57.6 0
57.6 86.4 0
86.4 129.7 0
129.7 194.6 0
194.6 291.9 0
291.9 437.8 0
437.8 656.8 0
656.8 985.2 0
985.2 1477.8 0
1477.8 2216.8 0
2216.8 3325.2 0
3325.2 4987.8 0
4987.8 7481.8 0
7481.8 11222.7 0
11222.7 16834.1 0
370 380
0.0 1.0 2861
1.5 2.2 0
2.2 3.3 0
3.3 5.0 105
5.0 7.5 0
7.5 11.3 0
11.3 17.0 271
17.0 25.6 89
25.6 38.4 0
38.4 57.6 0
57.6 86.4 100
86.4 129.7 150
129.7 194.6 0
194.6 291.9 0
291.9 437.8 0
437.8 656.8 10
656.8 985.2 6
985.2 1477.8 244
1477.8 2216.8 0
2216.8 3325.2 0
3325.2 4987.8 0
4987.8 7481.8 0
7481.8 11222.7 0
11222.7 16834.1 0
380 390
0.0 1.0 1660
1.5 2.2 96
2.2 3.3 75
3.3 5.0 87
5.0 7.5 0
7.5 11.3 97
11.3 17.0 95
17.0 25.6 0
25.6 38.4 95
38.4 57.6 190
57.6 86.4 0
86.4 129.7 217
129.7 194.6 0
194.6 291.9 0
291.9 437.8 0
437.8 656.8 0
656.8 985.2 0
985.2 1477.8 0
1477.8 2216.8 0
2216.8 3325.2 0
3325.2 4987.8 0
4987.8 7481.8 0
7481.8 11222.7 0
11222.7 16834.1 0
390 400
0.0 1.0 1228
1.5 2.2 0
2.2 3.3 1
3.3 5.0 98
5.0 7.5 0
7.5 11.3 0
11.3 17.0 62
17.0 25.6 0
25.6 38.4 35
38.4 57.6 0
57.6 86.4 0
86.4 129.7 0
129.7 194.6 0
194.6 291.9 0
291.9 437.8 0
437.8 656.8 0
656.8 985.2 0
985.2 1477.8 0
1477.8 2216.8 0
2216.8 3325.2 0
3325.2 4987.8 0
4987.8 7481.8 0
7481.8 11222.7 0
11222.7 16834.1 0
400 410
0.0 1.0 1491
1.5 2.2 71
2.2 3.3 184
3.3 5.0 60
5.0 7.5 66
7.5 11.3 59
11.3 17.0 52
17.0 25.6 66
25.6 38.4 0
38.4 57.6 1
57.6 86.4 0
86.4 129.7 0
129.7 194.6 3
194.6 291.9 57
291.9 437.8 57
437.8 656.8 189
656.8 985.2 0
985.2 1477.8 0
1477.8 2216.8 0
2216.8 3325.2 0
3325.2 4987.8 0
4987.8 7481.8 0
7481.8 11222.7 0
11222.7 16834.1 0
410 420
0.0 1.0 836
1.5 2.2 24
2.2 3.3 22
3.3 5.0 40
5.0 7.5 158
7.5 11.3 44
11.3 17.0 92
17.0 25.6 26
25.6 38.4 21
38.4 57.6 0
57.6 86.4 25
86.4 129.7 0
129.7 194.6 38
194.6 291.9 70
291.9 437.8 67
437.8 656.8 0
656.8 985.2 38
985.2 1477.8 0
1477.8 2216.8 0
2216.8 3325.2 0
3325.2 4987.8 0
4987.8 7481.8 0
7481.8 11222.7 0
11222.7 16834.1 0
420 430
0.0 1.0 713
1.5 2.2 119
2.2 3.3 118
3.3 5.0 172
5.0 7.5 163
7.5 11.3 74
11.3 17.0 60
17.0 25.6 89
25.6 38.4 44
38.4 57.6 43
57.6 86.4 121
86.4 129.7 44
129.7 194.6 49
194.6 291.9 74
291.9 437.8 0
437.8 656.8 9
656.8 985.2 15
985.2 1477.8 1
1477.8 2216.8 28
2216.8 3325.2 0
3325.2 4987.8 0
4987.8 7481.8 0
7481.8 11222.7 0
11222.7 16834.1 0
430 440
0.0 1.0 3367
1.5 2.2 141
2.2 3.3 228
3.3 5.0 283
5.0 7.5 57
7.5 11.3 130
11.3 17.0 455
17.0 25.6 80
25.6 38.4 211
38.4 57.6 128
57.6 86.4 170
86.4 129.7 270
129.7 194.6 140
194.6 291.9 63
291.9 437.8 175
437.8 656.8 91
656.8 985.2 148
985.2 1477.8 0
1477.8 2216.8 21
2216.8 3325.2 137
3325.2 4987.8 41
4987.8 7481.8 0
7481.8 11222.7 0
11222.7 16834.1 0
440 450
0.0 1.0 1975
1.5 2.2 105
2.2 3.3 612
3.3 5.0 31
5.0 7.5 69
7.5 11.3 92
11.3 17.0 155
17.0 25.6 111
25.6 38.4 135
38.4 57.6 136
57.6 86.4 167
86.4 129.7 86
129.7 194.6 114
194.6 291.9 53
291.9 437.8 330
437.8 656.8 124
656.8 985.2 33
985.2 1477.8 0
1477.8 2216.8 0
2216.8 3325.2 0
3325.2 4987.8 0
4987.8 7481.8 0
7481.8 11222.7 0
11222.7 16834.1 0
450 460
0.0 1.0 1605
1.5 2.2 62
2.2 3.3 147
3.3 5.0 203
5.0 7.5 0
7.5 11.3 0
11.3 17.0 65
17.0 25.6 97
25.6 38.4 184
38.4 57.6 180
57.6 86.4 218
86.4 129.7 125
129.7 194.6 362
194.6 291.9 104
291.9 437.8 72
437.8 656.8 82
656.8 985.2 0
985.2 1477.8 0
1477.8 2216.8 0
2216.8 3325.2 0
3325.2 4987.8 0
4987.8 7481.8 0
7481.8 11222.7 0
11222.7 16834.1 0
460 470
0.0 1.0 878
1.5 2.2 104
2.2 3.3 185
3.3 5.0 92
5.0 7.5 88
7.5 11.3 233
11.3 17.0 122
17.0 25.6 154
25.6 38.4 226
38.4 57.6 95
57.6 86.4 27
86.4 129.7 71
129.7 194.6 265
194.6 291.9 45
291.9 437.8 57
437.8 656.8 119
656.8 985.2 0
985.2 1477.8 65
1477.8 2216.8 0
2216.8 3325.2 0
3325.2 4987.8 0
4987.8 7481.8 0
7481.8 11222.7 0
11222.7 16834.1 0
470 480
0.0 1.0 958
1.5 2.2 304
2.2 3.3 172
3.3 5.0 266
5.0 7.5 444
7.5 11.3 74
11.3 17.0 222
17.0 25.6 400
25.6 38.4 367
38.4 57.6 1794
57.6 86.4 120
86.4 129.7 69
129.7 194.6 262
194.6 291.9 38
291.9 437.8 519
437.8 656.8 339
656.8 985.2 109
985.2 1477.8 0
1477.8 2216.8 0
2216.8 3325.2 0
3325.2 4987.8 0
4987.8 7481.8 0
7481.8 11222.7 0
11222.7 16834.1 0
480 490
0.0 1.0 2590
1.5 2.2 432
2.2 3.3 0
3.3 5.0 262
5.0 7.5 370
7.5 11.3 134
11.3 17.0 219
17.0 25.6 360
25.6 38.4 270
38.4 57.6 1447
57.6 86.4 456
86.4 129.7 76
129.7 194.6 40
194.6 291.9 52
291.9 437.8 0
437.8 656.8 67
656.8 985.2 0
985.2 1477.8 0
1477.8 2216.8 0
2216.8 3325.2 0
3325.2 4987.8 0
4987.8 7481.8 0
7481.8 11222.7 0
11222.7 16834.1 0
490 500
0.0 1.0 1786
1.5 2.2 22
2.2 3.3 261
3.3 5.0 89
5.0 7.5 24
7.5 11.3 196
11.3 17.0 141
17.0 25.6 29
25.6 38.4 62
38.4 57.6 0
57.6 86.4 539
86.4 129.7 0
129.7 194.6 121
194.6 291.9 1
291.9 437.8 119
437.8 656.8 0
656.8 985.2 0
985.2 1477.8 0
1477.8 2216.8 0
2216.8 3325.2 0
3325.2 4987.8 0
4987.8 7481.8 0
7481.8 11222.7 0
11222.7 16834.1 0
500 510
0.0 1.0 1772
1.5 2.2 445
2.2 3.3 140
3.3 5.0 215
5.0 7.5 22
7.5 11.3 289
11.3 17.0 292
17.0 25.6 234
25.6 38.4 113
38.4 57.6 731
57.6 86.4 167
86.4 129.7 90
129.7 194.6 127
194.6 291.9 88
291.9 437.8 111
437.8 656.8 53
656.8 985.2 29
985.2 1477.8 28
1477.8 2216.8 36
2216.8 3325.2 14
3325.2 4987.8 0
4987.8 7481.8 0
7481.8 11222.7 0
11222.7 16834.1 0
510 520
0.0 1.0 1700
1.5 2.2 488
2.2 3.3 66
3.3 5.0 42
5.0 7.5 201
7.5 11.3 277
11.3 17.0 318
17.0 25.6 199
25.6 38.4 159
38.4 57.6 3258
57.6 86.4 167
86.4 129.7 293
129.7 194.6 107
194.6 291.9 252
291.9 437.8 28
437.8 656.8 163
656.8 985.2 0
985.2 1477.8 16
1477.8 2216.8 88
2216.8 3325.2 33
3325.2 4987.8 15
4987.8 7481.8 0
7481.8 11222.7 0
11222.7 16834.1 0
520 530
0.0 1.0 1410
1.5 2.2 330
2.2 3.3 329
3.3 5.0 133
5.0 7.5 116
7.5 11.3 73
11.3 17.0 164
17.0 25.6 47
25.6 38.4 226
38.4 57.6 508
57.6 86.4 165
86.4 129.7 145
129.7 194.6 363
194.6 291.9 144
291.9 437.8 127
437.8 656.8 70
656.8 985.2 0
985.2 1477.8 49
1477.8 2216.8 22
2216.8 3325.2 23
3325.2 4987.8 0
4987.8 7481.8 0
7481.8 11222.7 0
11222.7 16834.1 0
530 540
0.0 1.0 1115
1.5 2.2 271
2.2 3.3 114
3.3 5.0 86
5.0 7.5 173
7.5 11.3 300
11.3 17.0 118
17.0 25.6 124
25.6 38.4 151
38.4 57.6 174
57.6 86.4 150
86.4 129.7 248
129.7 194.6 324
194.6 291.9 188
291.9 437.8 0
437.8 656.8 44
656.8 985.2 1
985.2 1477.8 83
1477.8 2216.8 0
2216.8 3325.2 0
3325.2 4987.8 0
4987.8 7481.8 0
7481.8 11222.7 0
11222.7 16834.1 0
540 550
0.0 1.0 1781
1.5 2.2 250
2.2 3.3 85
3.3 5.0 281
5.0 7.5 306
7.5 11.3 231
11.3 17.0 205
17.0 25.6 101
25.6 38.4 297
38.4 57.6 34
57.6 86.4 219
86.4 129.7 177
129.7 194.6 391
194.6 291.9 0
291.9 437.8 233
437.8 656.8 99
656.8 985.2 1
985.2 1477.8 37
1477.8 2216.8 0
2216.8 3325.2 0
3325.2 4987.8 0
4987.8 7481.8 0
7481.8 11222.7 0
11222.7 16834.1 0
550 560
0.0 1.0 1450
1.5 2.2 548
2.2 3.3 209
3.3 5.0 153
5.0 7.5 118
7.5 11.3 416
11.3 17.0 226
17.0 25.6 41
25.6 38.4 251
38.4 57.6 464
57.6 86.4 0
86.4 129.7 23
129.7 194.6 192
194.6 291.9 64
291.9 437.8 118
437.8 656.8 14
656.8 985.2 83
985.2 1477.8 58
1477.8 2216.8 123
2216.8 3325.2 0
3325.2 4987.8 0
4987.8 7481.8 0
7481.8 11222.7 0
11222.7 16834.1 0
560 570
0.0 1.0 1377
1.5 2.2 377
2.2 3.3 236
3.3 5.0 122
5.0 7.5 123
7.5 11.3 112
11.3 17.0 77
17.0 25.6 198
25.6 38.4 145
38.4 57.6 369
57.6 86.4 55
86.4 129.7 39
129.7 194.6 301
194.6 291.9 9
291.9 437.8 51
437.8 656.8 20
656.8 985.2 48
985.2 1477.8 0
1477.8 2216.8 0
2216.8 3325.2 15
3325.2 4987.8 0
4987.8 7481.8 0
7481.8 11222.7 0
11222.7 16834.1 0
570 580
0.0 1.0 2551
1.5 2.2 217
2.2 3.3 196
3.3 5.0 277
5.0 7.5 406
7.5 11.3 397
11.3 17.0 584
17.0 25.6 270
25.6 38.4 678
38.4 57.6 1488
57.6 86.4 122
86.4 129.7 80
129.7 194.6 314
194.6 291.9 133
291.9 437.8 239
437.8 656.8 0
656.8 985.2 0
985.2 1477.8 0
1477.8 2216.8 0
2216.8 3325.2 0
3325.2 4987.8 0
4987.8 7481.8 0
7481.8 11222.7 0
11222.7 16834.1 0
580 590
0.0 1.0 1616
1.5 2.2 822
2.2 3.3 0
3.3 5.0 62
5.0 7.5 172
7.5 11.3 314
11.3 17.0 382
17.0 25.6 61
25.6 38.4 173
38.4 57.6 251
57.6 86.4 3
86.4 129.7 170
129.7 194.6 59
194.6 291.9 201
291.9 437.8 210
437.8 656.8 83
656.8 985.2 166
985.2 1477.8 0
1477.8 2216.8 0
2216.8 3325.2 0
3325.2 4987.8 0
4987.8 7481.8 0
7481.8 11222.7 0
11222.7 16834.1 0
590 600
0.0 1.0 2211
1.5 2.2 236
2.2 3.3 698
3.3 5.0 0
5.0 7.5 48
7.5 11.3 119
11.3 17.0 48
17.0 25.6 59
25.6 38.4 158
38.4 57.6 402
57.6 86.4 284
86.4 129.7 54
129.7 194.6 226
194.6 291.9 0
291.9 437.8 1
437.8 656.8 4
656.8 985.2 134
985.2 1477.8 0
1477.8 2216.8 0
2216.8 3325.2 0
3325.2 4987.8 0
4987.8 7481.8 0
7481.8 11222.7 0
11222.7 16834.1 0
600 610
0.0 1.0 2335
1.5 2.2 910
2.2 3.3 175
3.3 5.0 327
5.0 7.5 110
7.5 11.3 219
11.3 17.0 517
17.0 25.6 408
25.6 38.4 430
38.4 57.6 1301
57.6 86.4 263
86.4 129.7 90
129.7 194.6 292
194.6 291.9 109
291.9 437.8 187
437.8 656.8 65
656.8 985.2 128
985.2 1477.8 80
1477.8 2216.8 281
2216.8 3325.2 0
3325.2 4987.8 0
4987.8 7481.8 0
7481.8 11222.7 0
11222.7 16834.1 0
610 620
0.0 1.0 1345
1.5 2.2 259
2.2 3.3 0
3.3 5.0 0
5.0 7.5 1
7.5 11.3 0
11.3 17.0 189
17.0 25.6 57
25.6 38.4 231
38.4 57.6 0
57.6 86.4 54
86.4 129.7 66
129.7 194.6 92
194.6 291.9 135
291.9 437.8 57
437.8 656.8 52
656.8 985.2 0
985.2 1477.8 140
1477.8 2216.8 0
2216.8 3325.2 0
3325.2 4987.8 0
4987.8 7481.8 0
7481.8 11222.7 0
11222.7 16834.1 0
620 630
0.0 1.0 2251
1.5 2.2 151
2.2 3.3 0
3.3 5.0 13
5.0 7.5 62
7.5 11.3 53
11.3 17.0 50
17.0 25.6 121
25.6 38.4 106
38.4 57.6 140
57.6 86.4 107
86.4 129.7 71
129.7 194.6 153
194.6 291.9 69
291.9 437.8 106
437.8 656.8 82
656.8 985.2 16
985.2 1477.8 24
1477.8 2216.8 122
2216.8 3325.2 0
3325.2 4987.8 36
4987.8 7481.8 0
7481.8 11222.7 0
11222.7 16834.1 0
630 640
0.0 1.0 1733
1.5 2.2 579
2.2 3.3 464
3.3 5.0 105
5.0 7.5 433
7.5 11.3 306
11.3 17.0 167
17.0 25.6 289
25.6 38.4 291
38.4 57.6 1067
57.6 86.4 341
86.4 129.7 65
129.7 194.6 50
194.6 291.9 0
291.9 437.8 35
437.8 656.8 0
656.8 985.2 70
985.2 1477.8 0
1477.8 2216.8 2
2216.8 3325.2 58
3325.2 4987.8 0
4987.8 7481.8 0
7481.8 11222.7 0
11222.7 16834.1 0
640 650
0.0 1.0 1465
1.5 2.2 247
2.2 3.3 893
3.3 5.0 133
5.0 7.5 191
7.5 11.3 326
11.3 17.0 542
17.0 25.6 239
25.6 38.4 130
38.4 57.6 642
57.6 86.4 154
86.4 129.7 282
129.7 194.6 290
194.6 291.9 136
291.9 437.8 143
437.8 656.8 270
656.8 985.2 0
985.2 1477.8 0
1477.8 2216.8 63
2216.8 3325.2 0
3325.2 4987.8 0
4987.8 7481.8 0
7481.8 11222.7 0
11222.7 16834.1 0
650 660
0.0 1.0 2166
1.5 2.2 131
2.2 3.3 223
3.3 5.0 0
5.0 7.5 149
7.5 11.3 210
11.3 17.0 361
17.0 25.6 449
25.6 38.4 533
38.4 57.6 939
57.6 86.4 1
86.4 129.7 86
129.7 194.6 355
194.6 291.9 80
291.9 437.8 298
437.8 656.8 50
656.8 985.2 0
985.2 1477.8 0
1477.8 2216.8 0
2216.8 3325.2 0
3325.2 4987.8 0
4987.8 7481.8 0
7481.8 11222.7 0
11222.7 16834.1 0
660 670
0.0 1.0 1908
1.5 2.2 156
2.2 3.3 567
3.3 5.0 0
5.0 7.5 505
7.5 11.3 376
11.3 17.0 781
17.0 25.6 132
25.6 38.4 280
38.4 57.6 1365
57.6 86.4 76
86.4 129.7 83
129.7 194.6 758
194.6 291.9 365
291.9 437.8 617
437.8 656.8 104
656.8 985.2 0
985.2 1477.8 0
1477.8 2216.8 0
2216.8 3325.2 0
3325.2 4987.8 0
4987.8 7481.8 0
7481.8 11222.7 0
11222.7 16834.1 0
670 680
0.0 1.0 1879
1.5 2.2 139
2.2 3.3 142
3.3 5.0 134
5.0 7.5 0
7.5 11.3 230
11.3 17.0 284
17.0 25.6 73
25.6 38.4 375
38.4 57.6 465
57.6 86.4 136
86.4 129.7 0
129.7 194.6 0
194.6 291.9 0
291.9 437.8 0
437.8 656.8 1
656.8 985.2 78
985.2 1477.8 0
1477.8 2216.8 151
2216.8 3325.2 0
3325.2 4987.8 0
4987.8 7481.8 0
7481.8 11222.7 0
11222.7 16834.1 0
680 690
0.0 1.0 1675
1.5 2.2 292
2.2 3.3 151
3.3 5.0 31
5.0 7.5 93
7.5 11.3 373
11.3 17.0 100
17.0 25.6 89
25.6 38.4 110
38.4 57.6 105
57.6 86.4 89
86.4 129.7 33
129.7 194.6 57
194.6 291.9 32
291.9 437.8 30
437.8 656.8 0
656.8 985.2 0
985.2 1477.8 0
1477.8 2216.8 0
2216.8 3325.2 0
3325.2 4987.8 0
4987.8 7481.8 0
7481.8 11222.7 0
11222.7 16834.1 0
690 700
0.0 1.0 1652
1.5 2.2 209
2.2 3.3 175
3.3 5.0 151
5.0 7.5 74
7.5 11.3 102
11.3 17.0 137
17.0 25.6 46
25.6 38.4 249
38.4 57.6 338
57.6 86.4 63
86.4 129.7 105
129.7 194.6 54
194.6 291.9 102
291.9 437.8 30
437.8 656.8 17
656.8 985.2 217
985.2 1477.8 136
1477.8 2216.8 0
2216.8 3325.2 18
3325.2 4987.8 0
4987.8 7481.8 0
7481.8 11222.7 0
11222.7 16834.1 0
700 710
0.0 1.0 2264
1.5 2.2 71
2.2 3.3 108
3.3 5.0 127
5.0 7.5 26
7.5 11.3 171
11.3 17.0 184
17.0 25.6 392
25.6 38.4 169
38.4 57.6 269
57.6 86.4 488
86.4 129.7 154
129.7 194.6 143
194.6 291.9 25
291.9 437.8 7
437.8 656.8 11
656.8 985.2 0
985.2 1477.8 6
1477.8 2216.8 34
2216.8 3325.2 31
3325.2 4987.8 0
4987.8 7481.8 0
7481.8 11222.7 0
11222.7 16834.1 0
710 720
0.0 1.0 1367
1.5 2.2 152
2.2 3.3 261
3.3 5.0 121
5.0 7.5 322
7.5 11.3 371
11.3 17.0 390
17.0 25.6 58
25.6 38.4 308
38.4 57.6 304
57.6 86.4 501
86.4 129.7 2
129.7 194.6 174
194.6 291.9 4
291.9 437.8 266
437.8 656.8 59
656.8 985.2 61
985.2 1477.8 0
1477.8 2216.8 0
2216.8 3325.2 0
3325.2 4987.8 0
4987.8 7481.8 0
7481.8 11222.7 0
11222.7 16834.1 0
720 730
0.0 1.0 2437
1.5 2.2 302
2.2 3.3 243
3.3 5.0 66
5.0 7.5 43
7.5 11.3 53
11.3 17.0 429
17.0 25.6 119
25.6 38.4 376
38.4 57.6 420
57.6 86.4 239
86.4 129.7 242
129.7 194.6 307
194.6 291.9 54
291.9 437.8 214
437.8 656.8 109
656.8 985.2 72
985.2 1477.8 81
1477.8 2216.8 0
2216.8 3325.2 53
3325.2 4987.8 0
4987.8 7481.8 0
7481.8 11222.7 0
11222.7 16834.1 0
730 740
0.0 1.0 1519
1.5 2.2 170
2.2 3.3 169
3.3 5.0 100
5.0 7.5 0
7.5 11.3 100
11.3 17.0 71
17.0 25.6 170
25.6 38.4 76
38.4 57.6 263
57.6 86.4 0
86.4 129.7 0
129.7 194.6 0
194.6 291.9 0
291.9 437.8 0
437.8 656.8 0
656.8 985.2 0
985.2 1477.8 0
1477.8 2216.8 0
2216.8 3325.2 0
3325.2 4987.8 0
4987.8 7481.8 0
7481.8 11222.7 0
11222.7 16834.1 0
740 750
0.0 1.0 1005
1.5 2.2 147
2.2 3.3 92
3.3 5.0 27
5.0 7.5 89
7.5 11.3 118
11.3 17.0 475
17.0 25.6 152
25.6 38.4 231
38.4 57.6 1553
57.6 86.4 126
86.4 129.7 55
129.7 194.6 205
194.6 291.9 0
291.9 437.8 85
437.8 656.8 86
656.8 985.2 0
985.2 1477.8 2
1477.8 2216.8 85
2216.8 3325.2 0
3325.2 4987.8 0
4987.8 7481.8 0
7481.8 11222.7 0
11222.7 16834.1 0
750 760
0.0 1.0 2490
1.5 2.2 1138
2.2 3.3 256
3.3 5.0 418
5.0 7.5 36
7.5 11.3 0
11.3 17.0 129
17.0 25.6 443
25.6 38.4 214
38.4 57.6 283
57.6 86.4 133
86.4 129.7 1
129.7 194.6 61
194.6 291.9 5
291.9 437.8 0
437.8 656.8 0
656.8 985.2 45
985.2 1477.8 4
1477.8 2216.8 96
2216.8 3325.2 0
3325.2 4987.8 0
4987.8 7481.8 0
7481.8 11222.7 0
11222.7 16834.1 0
760 770
0.0 1.0 850
1.5 2.2 300
2.2 3.3 179
3.3 5.0 20
5.0 7.5 40
7.5 11.3 267
11.3 17.0 73
17.0 25.6 306
25.6 38.4 418
38.4 57.6 163
57.6 86.4 156
86.4 129.7 5
129.7 194.6 14
194.6 291.9 169
291.9 437.8 78
437.8 656.8 14
656.8 985.2 6
985.2 1477.8 23
1477.8 2216.8 15
2216.8 3325.2 0
3325.2 4987.8 0
4987.8 7481.8 2
7481.8 11222.7 5
11222.7 16834.1 0
770 780
0.0 1.0 3305
1.5 2.2 72
2.2 3.3 306
3.3 5.0 3
5.0 7.5 250
7.5 11.3 184
11.3 17.0 195
17.0 25.6 208
25.6 38.4 2
38.4 57.6 154
57.6 86.4 7
86.4 129.7 0
129.7 194.6 155
194.6 291.9 11
291.9 437.8 191
437.8 656.8 0
656.8 985.2 14
985.2 1477.8 0
1477.8 2216.8 0
2216.8 3325.2 0
3325.2 4987.8 0
4987.8 7481.8 0
7481.8 11222.7 0
11222.7 16834.1 0
780 790
0.0 1.0 2825
1.5 2.2 323
2.2 3.3 194
3.3 5.0 51
5.0 7.5 300
7.5 11.3 191
11.3 17.0 416
17.0 25.6 324
25.6 38.4 397
38.4 57.6 401
57.6 86.4 35
86.4 129.7 83
129.7 194.6 46
194.6 291.9 203
291.9 437.8 0
437.8 656.8 2
656.8 985.2 45
985.2 1477.8 19
1477.8 2216.8 0
2216.8 3325.2 2
3325.2 4987.8 7
4987.8 7481.8 0
7481.8 11222.7 0
11222.7 16834.1 0
790 800
0.0 1.0 2551
1.5 2.2 437
2.2 3.3 1728
3.3 5.0 494
5.0 7.5 267
7.5 11.3 114
11.3 17.0 467
17.0 25.6 112
25.6 38.4 361
38.4 57.6 2673
57.6 86.4 216
86.4 129.7 267
129.7 194.6 83
194.6 291.9 103
291.9 437.8 469
437.8 656.8 0
656.8 985.2 0
985.2 1477.8 32
1477.8 2216.8 0
2216.8 3325.2 0
3325.2 4987.8 0
4987.8 7481.8 0
7481.8 11222.7 0
11222.7 16834.1 0
800 810
0.0 1.0 2606
1.5 2.2 121
2.2 3.3 392
3.3 5.0 97
5.0 7.5 114
7.5 11.3 97
11.3 17.0 185
17.0 25.6 88
25.6 38.4 188
38.4 57.6 218
57.6 86.4 0
86.4 129.7 0
129.7 194.6 0
194.6 291.9 131
291.9 437.8 140
437.8 656.8 1
656.8 985.2 192
985.2 1477.8 92
1477.8 2216.8 0
2216.8 3325.2 0
3325.2 4987.8 0
4987.8 7481.8 0
7481.8 11222.7 0
11222.7 16834.1 0
810 820
0.0 1.0 1653
1.5 2.2 81
2.2 3.3 0
3.3 5.0 0
5.0 7.5 177
7.5 11.3 53
11.3 17.0 193
17.0 25.6 192
25.6 38.4 139
38.4 57.6 0
57.6 86.4 96
86.4 129.7 94
129.7 194.6 152
194.6 291.9 0
291.9 437.8 151
437.8 656.8 0
656.8 985.2 93
985.2 1477.8 0
1477.8 2216.8 0
2216.8 3325.2 0
3325.2 4987.8 0
4987.8 7481.8 0
7481.8 11222.7 0
11222.7 16834.1 0
820 830
0.0 1.0 2034
1.5 2.2 406
2.2 3.3 61
3.3 5.0 76
5.0 7.5 153
7.5 11.3 218
11.3 17.0 354
17.0 25.6 54
25.6 38.4 136
38.4 57.6 49
57.6 86.4 270
86.4 129.7 48
129.7 194.6 274
194.6 291.9 69
291.9 437.8 69
437.8 656.8 1
656.8 985.2 0
985.2 1477.8 13
1477.8 2216.8 107
2216.8 3325.2 0
3325.2 4987.8 0
4987.8 7481.8 0
7481.8 11222.7 0
11222.7 16834.1 0
830 840
0.0 1.0 823
1.5 2.2 152
2.2 3.3 65
3.3 5.0 28
5.0 7.5 126
7.5 11.3 121
11.3 17.0 315
17.0 25.6 222
25.6 38.4 61
38.4 57.6 385
57.6 86.4 39
86.4 129.7 155
129.7 194.6 71
194.6 291.9 159
291.9 437.8 0
437.8 656.8 0
656.8 985.2 40
985.2 1477.8 0
1477.8 2216.8 7
2216.8 3325.2 0
3325.2 4987.8 32
4987.8 7481.8 8
7481.8 11222.7 0
11222.7 16834.1 0
840 850
0.0 1.0 1019
1.5 2.2 245
2.2 3.3 279
3.3 5.0 251
5.0 7.5 206
7.5 11.3 160
11.3 17.0 272
17.0 25.6 23
25.6 38.4 52
38.4 57.6 373
57.6 86.4 116
86.4 129.7 243
129.7 194.6 66
194.6 291.9 114
291.9 437.8 134
437.8 656.8 70
656.8 985.2 40
985.2 1477.8 25
1477.8 2216.8 20
2216.8 3325.2 0
3325.2 4987.8 5
4987.8 7481.8 0
7481.8 11222.7 0
11222.7 16834.1 0
850 860
0.0 1.0 850
1.5 2.2 456
2.2 3.3 43
3.3 5.0 246
5.0 7.5 81
7.5 11.3 170
11.3 17.0 168
17.0 25.6 218
25.6 38.4 270
38.4 57.6 151
57.6 86.4 121
86.4 129.7 101
129.7 194.6 159
194.6 291.9 109
291.9 437.8 85
437.8 656.8 50
656.8 985.2 62
985.2 1477.8 70
1477.8 2216.8 14
2216.8 3325.2 30
3325.2 4987.8 0
4987.8 7481.8 0
7481.8 11222.7 0
11222.7 16834.1 0
860 870
0.0 1.0 1135
1.5 2.2 300
2.2 3.3 62
3.3 5.0 124
5.0 7.5 177
7.5 11.3 388
11.3 17.0 295
17.0 25.6 344
25.6 38.4 339
38.4 57.6 102
57.6 86.4 330
86.4 129.7 78
129.7 194.6 511
194.6 291.9 169
291.9 437.8 124
437.8 656.8 63
656.8 985.2 36
985.2 1477.8 40
1477.8 2216.8 130
2216.8 3325.2 9
3325.2 4987.8 0
4987.8 7481.8 0
7481.8 11222.7 0
11222.7 16834.1 0
870 880
0.0 1.0 783
1.5 2.2 258
2.2 3.3 68
3.3 5.0 109
5.0 7.5 158
7.5 11.3 19
11.3 17.0 230
17.0 25.6 194
25.6 38.4 147
38.4 57.6 398
57.6 86.4 158
86.4 129.7 83
129.7 194.6 45
194.6 291.9 143
291.9 437.8 122
437.8 656.8 41
656.8 985.2 82
985.2 1477.8 39
1477.8 2216.8 22
2216.8 3325.2 2
3325.2 4987.8 37
4987.8 7481.8 0
7481.8 11222.7 0
11222.7 16834.1 0
880 890
0.0 1.0 848
1.5 2.2 381
2.2 3.3 335
3.3 5.0 380
5.0 7.5 99
7.5 11.3 149
11.3 17.0 236
17.0 25.6 329
25.6 38.4 227
38.4 57.6 406
57.6 86.4 470
86.4 129.7 140
129.7 194.6 292
194.6 291.9 108
291.9 437.8 185
437.8 656.8 61
656.8 985.2 47
985.2 1477.8 43
1477.8 2216.8 2
2216.8 3325.2 25
3325.2 4987.8 11
4987.8 7481.8 0
7481.8 11222.7 0
11222.7 16834.1 0
890 900
0.0 1.0 1153
1.5 2.2 583
2.2 3.3 78
3.3 5.0 214
5.0 7.5 543
7.5 11.3 281
11.3 17.0 831
17.0 25.6 290
25.6 38.4 432
38.4 57.6 941
57.6 86.4 892
86.4 129.7 148
129.7 194.6 177
194.6 291.9 171
291.9 437.8 105
437.8 656.8 84
656.8 985.2 0
985.2 1477.8 13
1477.8 2216.8 19
2216.8 3325.2 0
3325.2 4987.8 0
4987.8 7481.8 0
7481.8 11222.7 17
11222.7 16834.1 0
900 910
0.0 1.0 605
1.5 2.2 80
2.2 3.3 93
3.3 5.0 174
5.0 7.5 71
7.5 11.3 150
11.3 17.0 246
17.0 25.6 121
25.6 38.4 158
38.4 57.6 627
57.6 86.4 314
86.4 129.7 147
129.7 194.6 204
194.6 291.9 1253
291.9 437.8 45
437.8 656.8 148
656.8 985.2 77
985.2 1477.8 27
1477.8 2216.8 6
2216.8 3325.2 4
3325.2 4987.8 1
4987.8 7481.8 2
7481.8 11222.7 0
11222.7 16834.1 0
910 920
0.0 1.0 1319
1.5 2.2 259
2.2 3.3 70
3.3 5.0 236
5.0 7.5 235
7.5 11.3 40
11.3 17.0 341
17.0 25.6 209
25.6 38.4 705
38.4 57.6 869
57.6 86.4 314
86.4 129.7 260
129.7 194.6 146
194.6 291.9 2616
291.9 437.8 47
437.8 656.8 21
656.8 985.2 179
985.2 1477.8 0
1477.8 2216.8 23
2216.8 3325.2 0
3325.2 4987.8 0
4987.8 7481.8 0
7481.8 11222.7 0
11222.7 16834.1 0
920 930
0.0 1.0 1055
1.5 2.2 144
2.2 3.3 87
3.3 5.0 17
5.0 7.5 257
7.5 11.3 64
11.3 17.0 293
17.0 25.6 115
25.6 38.4 146
38.4 57.6 169
57.6 86.4 304
86.4 129.7 218
129.7 194.6 436
194.6 291.9 1148
291.9 437.8 156
437.8 656.8 189
656.8 985.2 147
985.2 1477.8 32
1477.8 2216.8 75
2216.8 3325.2 81
3325.2 4987.8 0
4987.8 7481.8 17
7481.8 11222.7 0
11222.7 16834.1 0
930 940
0.0 1.0 1896
1.5 2.2 360
2.2 3.3 395
3.3 5.0 67
5.0 7.5 33
7.5 11.3 301
11.3 17.0 467
17.0 25.6 88
25.6 38.4 316
38.4 57.6 220
57.6 86.4 0
86.4 129.7 108
129.7 194.6 139
194.6 291.9 822
291.9 437.8 64
437.8 656.8 1
656.8 985.2 157
985.2 1477.8 29
1477.8 2216.8 45
2216.8 3325.2 0
3325.2 4987.8 0
4987.8 7481.8 0
7481.8 11222.7 0
11222.7 16834.1 0
940 950
0.0 1.0 1474
1.5 2.2 195
2.2 3.3 339
3.3 5.0 105
5.0 7.5 155
7.5 11.3 238
11.3 17.0 197
17.0 25.6 114
25.6 38.4 283
38.4 57.6 698
57.6 86.4 315
86.4 129.7 136
129.7 194.6 60
194.6 291.9 83
291.9 437.8 0
437.8 656.8 0
656.8 985.2 137
985.2 1477.8 49
1477.8 2216.8 31
2216.8 3325.2 0
3325.2 4987.8 41
4987.8 7481.8 0
7481.8 11222.7 0
11222.7 16834.1 0
950 960
0.0 1.0 853
1.5 2.2 176
2.2 3.3 182
3.3 5.0 104
5.0 7.5 251
7.5 11.3 123
11.3 17.0 264
17.0 25.6 398
25.6 38.4 284
38.4 57.6 432
57.6 86.4 326
86.4 129.7 155
129.7 194.6 230
194.6 291.9 239
291.9 437.8 209
437.8 656.8 121
656.8 985.2 12
985.2 1477.8 65
1477.8 2216.8 2
2216.8 3325.2 32
3325.2 4987.8 37
4987.8 7481.8 0
7481.8 11222.7 0
11222.7 16834.1 0
960 970
0.0 1.0 1839
1.5 2.2 329
2.2 3.3 308
3.3 5.0 152
5.0 7.5 405
7.5 11.3 262
11.3 17.0 443
17.0 25.6 475
25.6 38.4 489
38.4 57.6 1043
57.6 86.4 425
86.4 129.7 188
129.7 194.6 166
194.6 291.9 103
291.9 437.8 67
437.8 656.8 30
656.8 985.2 0
985.2 1477.8 27
1477.8 2216.8 88
2216.8 3325.2 0
3325.2 4987.8 0
4987.8 7481.8 0
7481.8 11222.7 0
11222.7 16834.1 0
970 980
0.0 1.0 1652
1.5 2.2 597
2.2 3.3 241
3.3 5.0 137
5.0 7.5 525
7.5 11.3 408
11.3 17.0 395
17.0 25.6 490
25.6 38.4 188
38.4 57.6 1015
57.6 86.4 297
86.4 129.7 268
129.7 194.6 166
194.6 291.9 228
291.9 437.8 163
437.8 656.8 136
656.8 985.2 40
985.2 1477.8 50
1477.8 2216.8 0
2216.8 3325.2 0
3325.2 4987.8 0
4987.8 7481.8 0
7481.8 11222.7 0
11222.7 16834.1 0
980 990
0.0 1.0 2666
1.5 2.2 1134
2.2 3.3 170
3.3 5.0 329
5.0 7.5 66
7.5 11.3 248
11.3 17.0 720
17.0 25.6 78
25.6 38.4 527
38.4 57.6 1358
57.6 86.4 413
86.4 129.7 151
129.7 194.6 54
194.6 291.9 29
291.9 437.8 31
437.8 656.8 0
656.8 985.2 0
985.2 1477.8 0
1477.8 2216.8 0
2216.8 3325.2 0
3325.2 4987.8 0
4987.8 7481.8 0
7481.8 11222.7 0
11222.7 16834.1 0
990 1000
0.0 1.0 1842
1.5 2.2 423
2.2 3.3 299
3.3 5.0 74
5.0 7.5 43
7.5 11.3 162
11.3 17.0 459
17.0 25.6 84
25.6 38.4 221
38.4 57.6 811
57.6 86.4 831
86.4 129.7 233
129.7 194.6 773
194.6 291.9 81
291.9 437.8 281
437.8 656.8 210
656.8 985.2 275
985.2 1477.8 59
1477.8 2216.8 0
2216.8 3325.2 0
3325.2 4987.8 0
4987.8 7481.8 0
7481.8 11222.7 0
11222.7 16834.1 0
1000 1010
0.0 1.0 1970
1.5 2.2 660
2.2 3.3 73
3.3 5.0 231
5.0 7.5 95
7.5 11.3 68
11.3 17.0 268
17.0 25.6 224
25.6 38.4 0
38.4 57.6 79
57.6 86.4 562
86.4 129.7 42
129.7 194.6 76
194.6 291.9 1
291.9 437.8 456
437.8 656.8 0
656.8 985.2 0
985.2 1477.8 0
1477.8 2216.8 0
2216.8 3325.2 0
3325.2 4987.8 0
4987.8 7481.8 0
7481.8 11222.7 0
11222.7 16834.1 0
1010 1020
0.0 1.0 1803
1.5 2.2 723
2.2 3.3 101
3.3 5.0 157
5.0 7.5 250
7.5 11.3 38
11.3 17.0 333
17.0 25.6 267
25.6 38.4 116
38.4 57.6 449
57.6 86.4 176
86.4 129.7 219
129.7 194.6 258
194.6 291.9 152
291.9 437.8 143
437.8 656.8 230
656.8 985.2 33
985.2 1477.8 0
1477.8 2216.8 0
2216.8 3325.2 0
3325.2 4987.8 0
4987.8 7481.8 0
7481.8 11222.7 0
11222.7 16834.1 0
1020 1030
0.0 1.0 1273
1.5 2.2 397
2.2 3.3 1
3.3 5.0 281
5.0 7.5 287
7.5 11.3 236
11.3 17.0 238
17.0 25.6 191
25.6 38.4 262
38.4 57.6 304
57.6 86.4 483
86.4 129.7 227
129.7 194.6 96
194.6 291.9 156
291.9 437.8 141
437.8 656.8 17
656.8 985.2 0
985.2 1477.8 0
1477.8 2216.8 0
2216.8 3325.2 0
3325.2 4987.8 0
4987.8 7481.8 0
7481.8 11222.7 0
11222.7 16834.1 0
1030 1040
0.0 1.0 2231
1.5 2.2 395
2.2 3.3 700
3.3 5.0 369
5.0 7.5 166
7.5 11.3 147
11.3 17.0 510
17.0 25.6 382
25.6 38.4 421
38.4 57.6 314
57.6 86.4 726
86.4 129.7 136
129.7 194.6 258
194.6 291.9 128
291.9 437.8 40
437.8 656.8 1
656.8 985.2 1
985.2 1477.8 28
1477.8 2216.8 0
2216.8 3325.2 0
3325.2 4987.8 0
4987.8 7481.8 0
7481.8 11222.7 0
11222.7 16834.1 0
1040 1050
0.0 1.0 1583
1.5 2.2 491
2.2 3.3 192
3.3 5.0 347
5.0 7.5 75
7.5 11.3 203
11.3 17.0 311
17.0 25.6 155
25.6 38.4 94
38.4 57.6 288
57.6 86.4 252
86.4 129.7 291
129.7 194.6 127
194.6 291.9 99
291.9 437.8 71
437.8 656.8 23
656.8 985.2 0
985.2 1477.8 74
1477.8 2216.8 23
2216.8 3325.2 0
3325.2 4987.8 0
4987.8 7481.8 0
7481.8 11222.7 0
11222.7 16834.1 0
1050 1060
0.0 1.0 1028
1.5 2.2 215
2.2 3.3 173
3.3 5.0 113
5.0 7.5 144
7.5 11.3 213
11.3 17.0 344
17.0 25.6 225
25.6 38.4 184
38.4 57.6 144
57.6 86.4 718
86.4 129.7 117
129.7 194.6 202
194.6 291.9 183
291.9 437.8 66
437.8 656.8 44
656.8 985.2 42
985.2 1477.8 0
1477.8 2216.8 84
2216.8 3325.2 0
3325.2 4987.8 0
4987.8 7481.8 0
7481.8 11222.7 0
11222.7 16834.1 0
1060 1070
0.0 1.0 2542
1.5 2.2 722
2.2 3.3 232
3.3 5.0 344
5.0 7.5 439
7.5 11.3 263
11.3 17.0 275
17.0 25.6 338
25.6 38.4 240
38.4 57.6 332
57.6 86.4 384
86.4 129.7 142
129.7 194.6 268
194.6 291.9 324
291.9 437.8 141
437.8 656.8 65
656.8 985.2 24
985.2 1477.8 0
1477.8 2216.8 0
2216.8 3325.2 0
3325.2 4987.8 0
4987.8 7481.8 0
7481.8 11222.7 0
11222.7 16834.1 0
1070 1080
0.0 1.0 1551
1.5 2.2 148
2.2 3.3 54
3.3 5.0 69
5.0 7.5 60
7.5 11.3 467
11.3 17.0 447
17.0 25.6 266
25.6 38.4 177
38.4 57.6 235
57.6 86.4 533
86.4 129.7 66
129.7 194.6 297
194.6 291.9 35
291.9 437.8 9
437.8 656.8 291
656.8 985.2 63
985.2 1477.8 14
1477.8 2216.8 0
2216.8 3325.2 0
3325.2 4987.8 0
4987.8 7481.8 0
7481.8 11222.7 0
11222.7 16834.1 0
1080 1090
0.0 1.0 2164
1.5 2.2 120
2.2 3.3 161
3.3 5.0 394
5.0 7.5 58
7.5 11.3 127
11.3 17.0 305
17.0 25.6 278
25.6 38.4 67
38.4 57.6 281
57.6 86.4 250
86.4 129.7 122
129.7 194.6 250
194.6 291.9 103
291.9 437.8 66
437.8 656.8 0
656.8 985.2 0
985.2 1477.8 0
1477.8 2216.8 0
2216.8 3325.2 0
3325.2 4987.8 0
4987.8 7481.8 0
7481.8 11222.7 0
11222.7 16834.1 0
1090 1100
0.0 1.0 920
1.5 2.2 113
2.2 3.3 102
3.3 5.0 47
5.0 7.5 61
7.5 11.3 153
11.3 17.0 299
17.0 25.6 65
25.6 38.4 166
38.4 57.6 190
57.6 86.4 331
86.4 129.7 173
129.7 194.6 172
194.6 291.9 86
291.9 437.8 58
437.8 656.8 0
656.8 985.2 0
985.2 1477.8 0
1477.8 2216.8 45
2216.8 3325.2 0
3325.2 4987.8 0
4987.8 7481.8 0
7481.8 11222.7 0
11222.7 16834.1 0
1100 1110
0.0 1.0 1390
1.5 2.2 434
2.2 3.3 69
3.3 5.0 96
5.0 7.5 271
7.5 11.3 575
11.3 17.0 198
17.0 25.6 183
25.6 38.4 273
38.4 57.6 335
57.6 86.4 869
86.4 129.7 232
129.7 194.6 95
194.6 291.9 84
291.9 437.8 178
437.8 656.8 58
656.8 985.2 0
985.2 1477.8 0
1477.8 2216.8 0
2216.8 3325.2 0
3325.2 4987.8 0
4987.8 7481.8 0
7481.8 11222.7 0
11222.7 16834.1 0
1110 1120
0.0 1.0 3028
1.5 2.2 188
2.2 3.3 48
3.3 5.0 269
5.0 7.5 24
7.5 11.3 302
11.3 17.0 200
17.0 25.6 298
25.6 38.4 433
38.4 57.6 179
57.6 86.4 60
86.4 129.7 73
129.7 194.6 208
194.6 291.9 215
291.9 437.8 11
437.8 656.8 201
656.8 985.2 71
985.2 1477.8 5
1477.8 2216.8 1
2216.8 3325.2 1
3325.2 4987.8 0
4987.8 7481.8 0
7481.8 11222.7 0
11222.7 16834.1 0
1120 1130
0.0 1.0 3406
1.5 2.2 80
2.2 3.3 0
3.3 5.0 332
5.0 7.5 63
7.5 11.3 253
11.3 17.0 168
17.0 25.6 350
25.6 38.4 314
38.4 57.6 64
57.6 86.4 388
86.4 129.7 295
129.7 194.6 212
194.6 291.9 158
291.9 437.8 78
437.8 656.8 0
656.8 985.2 77
985.2 1477.8 0
1477.8 2216.8 0
2216.8 3325.2 0
3325.2 4987.8 0
4987.8 7481.8 0
7481.8 11222.7 0
11222.7 16834.1 0
1130 1140
0.0 1.0 1514
1.5 2.2 118
2.2 3.3 57
3.3 5.0 250
5.0 7.5 309
7.5 11.3 490
11.3 17.0 756
17.0 25.6 202
25.6 38.4 133
38.4 57.6 167
57.6 86.4 164
86.4 129.7 199
129.7 194.6 232
194.6 291.9 486
291.9 437.8 298
437.8 656.8 130
656.8 985.2 49
985.2 1477.8 0
1477.8 2216.8 70
2216.8 3325.2 0
3325.2 4987.8 0
4987.8 7481.8 62
7481.8 11222.7 0
11222.7 16834.1 0
1140 1150
0.0 1.0 2409
1.5 2.2 467
2.2 3.3 80
3.3 5.0 196
5.0 7.5 102
7.5 11.3 500
11.3 17.0 115
17.0 25.6 206
25.6 38.4 271
38.4 57.6 263
57.6 86.4 161
86.4 129.7 131
129.7 194.6 347
194.6 291.9 88
291.9 437.8 298
437.8 656.8 58
656.8 985.2 94
985.2 1477.8 0
1477.8 2216.8 0
2216.8 3325.2 0
3325.2 4987.8 55
4987.8 7481.8 0
7481.8 11222.7 0
11222.7 16834.1 0
1150 1160
0.0 1.0 2526
1.5 2.2 169
2.2 3.3 157
3.3 5.0 80
5.0 7.5 0
7.5 11.3 407
11.3 17.0 258
17.0 25.6 292
25.6 38.4 86
38.4 57.6 0
57.6 86.4 161
86.4 129.7 515
129.7 194.6 0
194.6 291.9 109
291.9 437.8 0
437.8 656.8 0
656.8 985.2 0
985.2 1477.8 0
1477.8 2216.8 0
2216.8 3325.2 0
3325.2 4987.8 0
4987.8 7481.8 0
7481.8 11222.7 0
11222.7 16834.1 0
1160 1170
0.0 1.0 3902
1.5 2.2 186
2.2 3.3 104
3.3 5.0 80
5.0 7.5 46
7.5 11.3 159
11.3 17.0 207
17.0 25.6 47
25.6 38.4 0
38.4 57.6 60
57.6 86.4 81
86.4 129.7 126
129.7 194.6 32
194.6 291.9 100
291.9 437.8 180
437.8 656.8 0
656.8 985.2 0
985.2 1477.8 0
1477.8 2216.8 0
2216.8 3325.2 0
3325.2 4987.8 0
4987.8 7481.8 0
7481.8 11222.7 0
11222.7 16834.1 0
1170 1180
0.0 1.0 1580
1.5 2.2 213
2.2 3.3 211
3.3 5.0 132
5.0 7.5 121
7.5 11.3 89
11.3 17.0 156
17.0 25.6 147
25.6 38.4 201
38.4 57.6 122
57.6 86.4 287
86.4 129.7 0
129.7 194.6 47
194.6 291.9 0
291.9 437.8 0
437.8 656.8 0
656.8 985.2 0
985.2 1477.8 19
1477.8 2216.8 9
2216.8 3325.2 0
3325.2 4987.8 0
4987.8 7481.8 0
7481.8 11222.7 0
11222.7 16834.1 0
1180 1190
0.0 1.0 1105
1.5 2.2 342
2.2 3.3 258
3.3 5.0 329
5.0 7.5 320
7.5 11.3 306
11.3 17.0 298
17.0 25.6 103
25.6 38.4 396
38.4 57.6 266
57.6 86.4 1155
86.4 129.7 150
129.7 194.6 280
194.6 291.9 161
291.9 437.8 29
437.8 656.8 62
656.8 985.2 29
985.2 1477.8 0
1477.8 2216.8 17
2216.8 3325.2 0
3325.2 4987.8 0
4987.8 7481.8 0
7481.8 11222.7 0
11222.7 16834.1 0
1190 1200
0.0 1.0 1390
1.5 2.2 45
2.2 3.3 1466
3.3 5.0 350
5.0 7.5 201
7.5 11.3 146
11.3 17.0 105
17.0 25.6 353
25.6 38.4 235
38.4 57.6 0
57.6 86.4 958
86.4 129.7 97
129.7 194.6 1
194.6 291.9 0
291.9 437.8 0
437.8 656.8 181
656.8 985.2 0
985.2 1477.8 0
1477.8 2216.8 0
2216.8 3325.2 0
3325.2 4987.8 0
4987.8 7481.8 0
7481.8 11222.7 0
11222.7 16834.1 0
1200 1210
0.0 1.0 2166
1.5 2.2 233
2.2 3.3 193
3.3 5.0 52
5.0 7.5 300
7.5 11.3 115
11.3 17.0 200
17.0 25.6 228
25.6 38.4 65
38.4 57.6 225
57.6 86.4 172
86.4 129.7 82
129.7 194.6 178
194.6 291.9 48
291.9 437.8 76
437.8 656.8 65
656.8 985.2 0
985.2 1477.8 0
1477.8 2216.8 0
2216.8 3325.2 0
3325.2 4987.8 0
4987.8 7481.8 0
7481.8 11222.7 0
11222.7 16834.1 0
1210 1220
0.0 1.0 2142
1.5 2.2 172
2.2 3.3 362
3.3 5.0 311
5.0 7.5 204
7.5 11.3 170
11.3 17.0 233
17.0 25.6 339
25.6 38.4 48
38.4 57.6 178
57.6 86.4 442
86.4 129.7 64
129.7 194.6 49
194.6 291.9 59
291.9 437.8 182
437.8 656.8 2
656.8 985.2 0
985.2 1477.8 0
1477.8 2216.8 0
2216.8 3325.2 84
3325.2 4987.8 0
4987.8 7481.8 0
7481.8 11222.7 0
11222.7 16834.1 0
1220 1230
0.0 1.0 1512
1.5 2.2 165
2.2 3.3 73
3.3 5.0 33
5.0 7.5 46
7.5 11.3 336
11.3 17.0 153
17.0 25.6 3
25.6 38.4 0
38.4 57.6 48
57.6 86.4 334
86.4 129.7 121
129.7 194.6 153
194.6 291.9 0
291.9 437.8 0
437.8 656.8 0
656.8 985.2 1
985.2 1477.8 28
1477.8 2216.8 0
2216.8 3325.2 0
3325.2 4987.8 0
4987.8 7481.8 0
7481.8 11222.7 0
11222.7 16834.1 0
1230 1240
0.0 1.0 2557
1.5 2.2 347
2.2 3.3 0
3.3 5.0 0
5.0 7.5 94
7.5 11.3 293
11.3 17.0 894
17.0 25.6 339
25.6 38.4 80
38.4 57.6 237
57.6 86.4 121
86.4 129.7 112
129.7 194.6 109
194.6 291.9 197
291.9 437.8 100
437.8 656.8 0
656.8 985.2 0
985.2 1477.8 0
1477.8 2216.8 85
2216.8 3325.2 0
3325.2 4987.8 0
4987.8 7481.8 0
7481.8 11222.7 0
11222.7 16834.1 0
1240 1250
0.0 1.0 1804
1.5 2.2 2
2.2 3.3 221
3.3 5.0 191
5.0 7.5 196
7.5 11.3 84
11.3 17.0 281
17.0 25.6 102
25.6 38.4 110
38.4 57.6 0
57.6 86.4 21
86.4 129.7 179
129.7 194.6 33
194.6 291.9 0
291.9 437.8 24
437.8 656.8 0
656.8 985.2 0
985.2 1477.8 0
1477.8 2216.8 0
2216.8 3325.2 0
3325.2 4987.8 0
4987.8 7481.8 0
7481.8 11222.7 0
11222.7 16834.1 0
1250 1260
0.0 1.0 1966
1.5 2.2 298
2.2 3.3 88
3.3 5.0 123
5.0 7.5 195
7.5 11.3 137
11.3 17.0 168
17.0 25.6 0
25.6 38.4 180
38.4 57.6 154
57.6 86.4 272
86.4 129.7 0
129.7 194.6 0
194.6 291.9 0
291.9 437.8 0
437.8 656.8 0
656.8 985.2 0
985.2 1477.8 0
1477.8 2216.8 0
2216.8 3325.2 0
3325.2 4987.8 0
4987.8 7481.8 0
7481.8 11222.7 0
11222.7 16834.1 0
1260 1270
0.0 1.0 2334
1.5 2.2 289
2.2 3.3 0
3.3 5.0 158
5.0 7.5 124
7.5 11.3 197
11.3 17.0 141
17.0 25.6 393
25.6 38.4 499
38.4 57.6 182
57.6 86.4 280
86.4 129.7 122
129.7 194.6 29
194.6 291.9 185
291.9 437.8 135
437.8 656.8 130
656.8 985.2 0
985.2 1477.8 0
1477.8 2216.8 32
2216.8 3325.2 0
3325.2 4987.8 0
4987.8 7481.8 0
7481.8 11222.7 0
11222.7 16834.1 0
1270 1280
0.0 1.0 2659
1.5 2.2 349
2.2 3.3 116
3.3 5.0 233
5.0 7.5 233
7.5 11.3 562
11.3 17.0 108
17.0 25.6 3
25.6 38.4 348
38.4 57.6 0
57.6 86.4 218
86.4 129.7 127
129.7 194.6 623
194.6 291.9 0
291.9 437.8 0
437.8 656.8 0
656.8 985.2 0
985.2 1477.8 0
1477.8 2216.8 128
2216.8 3325.2 0
3325.2 4987.8 0
4987.8 7481.8 0
7481.8 11222.7 0
11222.7 16834.1 0
1280 1290
0.0 1.0 3255
1.5 2.2 0
2.2 3.3 204
3.3 5.0 0
5.0 7.5 311
7.5 11.3 277
11.3 17.0 203
17.0 25.6 221
25.6 38.4 206
38.4 57.6 204
57.6 86.4 205
86.4 129.7 0
129.7 194.6 464
194.6 291.9 0
291.9 437.8 0
437.8 656.8 0
656.8 985.2 0
985.2 1477.8 0
1477.8 2216.8 0
2216.8 3325.2 0
3325.2 4987.8 0
4987.8 7481.8 0
7481.8 11222.7 0
11222.7 16834.1 0
1290 1300
0.0 1.0 2671
1.5 2.2 864
2.2 3.3 190
3.3 5.0 88
5.0 7.5 208
7.5 11.3 337
11.3 17.0 392
17.0 25.6 222
25.6 38.4 547
38.4 57.6 684
57.6 86.4 0
86.4 129.7 86
129.7 194.6 0
194.6 291.9 85
291.9 437.8 86
437.8 656.8 0
656.8 985.2 91
985.2 1477.8 0
1477.8 2216.8 77
2216.8 3325.2 88
3325.2 4987.8 0
4987.8 7481.8 0
7481.8 11222.7 0
11222.7 16834.1 0
1300 1310
0.0 1.0 4203
1.5 2.2 465
2.2 3.3 0
3.3 5.0 240
5.0 7.5 7
7.5 11.3 232
11.3 17.0 91
17.0 25.6 236
25.6 38.4 0
38.4 57.6 473
57.6 86.4 0
86.4 129.7 80
129.7 194.6 116
194.6 291.9 0
291.9 437.8 0
437.8 656.8 0
656.8 985.2 0
985.2 1477.8 40
1477.8 2216.8 83
2216.8 3325.2 0
3325.2 4987.8 0
4987.8 7481.8 0
7481.8 11222.7 0
11222.7 16834.1 0
1310 1320
0.0 1.0 4913
1.5 2.2 326
2.2 3.3 0
3.3 5.0 1
5.0 7.5 4
7.5 11.3 2
11.3 17.0 91
17.0 25.6 98
25.6 38.4 92
38.4 57.6 0
57.6 86.4 98
86.4 129.7 99
129.7 194.6 100
194.6 291.9 198
291.9 437.8 93
437.8 656.8 0
656.8 985.2 0
985.2 1477.8 101
1477.8 2216.8 98
2216.8 3325.2 0
3325.2 4987.8 0
4987.8 7481.8 0
7481.8 11222.7 0
11222.7 16834.1 0
1320 1330
0.0 1.0 4651
1.5 2.2 723
2.2 3.3 2
3.3 5.0 315
5.0 7.5 262
7.5 11.3 213
11.3 17.0 159
17.0 25.6 350
25.6 38.4 1
38.4 57.6 119
57.6 86.4 420
86.4 129.7 549
129.7 194.6 0
194.6 291.9 0
291.9 437.8 0
437.8 656.8 0
656.8 985.2 0
985.2 1477.8 0
1477.8 2216.8 0
2216.8 3325.2 0
3325.2 4987.8 0
4987.8 7481.8 0
7481.8 11222.7 0
11222.7 16834.1 0
1330 1340
0.0 1.0 6159
1.5 2.2 296
2.2 3.3 157
3.3 5.0 0
5.0 7.5 162
7.5 11.3 2
11.3 17.0 0
17.0 25.6 378
25.6 38.4 0
38.4 57.6 161
57.6 86.4 482
86.4 129.7 128
129.7 194.6 0
194.6 291.9 0
291.9 437.8 0
437.8 656.8 0
656.8 985.2 0
985.2 1477.8 0
1477.8 2216.8 0
2216.8 3325.2 0
3325.2 4987.8 0
4987.8 7481.8 0
7481.8 11222.7 0
11222.7 16834.1 0
1340 1350
0.0 1.0 2276
1.5 2.2 280
2.2 3.3 0
3.3 5.0 0
5.0 7.5 330
7.5 11.3 121
11.3 17.0 123
17.0 25.6 223
25.6 38.4 730
38.4 57.6 166
57.6 86.4 77
86.4 129.7 116
129.7 194.6 71
194.6 291.9 0
291.9 437.8 161
437.8 656.8 0
656.8 985.2 0
985.2 1477.8 0
1477.8 2216.8 0
2216.8 3325.2 0
3325.2 4987.8 0
4987.8 7481.8 0
7481.8 11222.7 0
11222.7 16834.1 0
1350 1360
0.0 1.0 1425
1.5 2.2 287
2.2 3.3 240
3.3 5.0 0
5.0 7.5 260
7.5 11.3 60
11.3 17.0 0
17.0 25.6 322
25.6 38.4 486
38.4 57.6 28
57.6 86.4 0
86.4 129.7 43
129.7 194.6 0
194.6 291.9 90
291.9 437.8 145
437.8 656.8 0
656.8 985.2 0
985.2 1477.8 0
1477.8 2216.8 0
2216.8 3325.2 0
3325.2 4987.8 0
4987.8 7481.8 0
7481.8 11222.7 0
11222.7 16834.1 0
1360 1370
0.0 1.0 1625
1.5 2.2 493
2.2 3.3 296
3.3 5.0 188
5.0 7.5 965
7.5 11.3 261
11.3 17.0 299
17.0 25.6 313
25.6 38.4 110
38.4 57.6 233
57.6 86.4 395
86.4 129.7 324
129.7 194.6 283
194.6 291.9 88
291.9 437.8 253
437.8 656.8 0
656.8 985.2 1
985.2 1477.8 234
1477.8 2216.8 80
2216.8 3325.2 0
3325.2 4987.8 0
4987.8 7481.8 0
7481.8 11222.7 0
11222.7 16834.1 0
1370 1380
0.0 1.0 1977
1.5 2.2 44
2.2 3.3 50
3.3 5.0 36
5.0 7.5 207
7.5 11.3 342
11.3 17.0 352
17.0 25.6 494
25.6 38.4 0
38.4 57.6 791
57.6 86.4 38
86.4 129.7 147
129.7 194.6 0
194.6 291.9 155
291.9 437.8 0
437.8 656.8 316
656.8 985.2 144
985.2 1477.8 0
1477.8 2216.8 0
2216.8 3325.2 0
3325.2 4987.8 0
4987.8 7481.8 0
7481.8 11222.7 0
11222.7 16834.1 0
1380 1390
0.0 1.0 4582
1.5 2.2 1280
2.2 3.3 1017
3.3 5.0 2184
5.0 7.5 3221
7.5 11.3 791
11.3 17.0 150
17.0 25.6 0
25.6 38.4 290
38.4 57.6 176
57.6 86.4 0
86.4 129.7 399
129.7 194.6 58
194.6 291.9 0
291.9 437.8 0
437.8 656.8 149
656.8 985.2 0
985.2 1477.8 0
1477.8 2216.8 0
2216.8 3325.2 0
3325.2 4987.8 0
4987.8 7481.8 0
7481.8 11222.7 0
11222.7 16834.1 0
1390 1400
0.0 1.0 2195
1.5 2.2 35
2.2 3.3 62
3.3 5.0 20
5.0 7.5 62
7.5 11.3 0
11.3 17.0 0
17.0 25.6 0
25.6 38.4 0
38.4 57.6 57
57.6 86.4 195
86.4 129.7 152
129.7 194.6 49
194.6 291.9 30
291.9 437.8 0
437.8 656.8 0
656.8 985.2 0
985.2 1477.8 0
1477.8 2216.8 150
2216.8 3325.2 0
3325.2 4987.8 0
4987.8 7481.8 0
7481.8 11222.7 0
11222.7 16834.1 0
1400 1410
0.0 1.0 1445
1.5 2.2 10
2.2 3.3 78
3.3 5.0 83
5.0 7.5 55
7.5 11.3 107
11.3 17.0 107
17.0 25.6 171
25.6 38.4 1837
38.4 57.6 158
57.6 86.4 213
86.4 129.7 0
129.7 194.6 49
194.6 291.9 33
291.9 437.8 182
437.8 656.8 3
656.8 985.2 5
985.2 1477.8 57
1477.8 2216.8 7
2216.8 3325.2 13
3325.2 4987.8 0
4987.8 7481.8 0
7481.8 11222.7 0
11222.7 16834.1 0
1410 1420
0.0 1.0 945
1.5 2.2 251
2.2 3.3 512
3.3 5.0 131
5.0 7.5 137
7.5 11.3 0
11.3 17.0 277
17.0 25.6 51
25.6 38.4 200
38.4 57.6 43
57.6 86.4 51
86.4 129.7 1
129.7 194.6 255
194.6 291.9 194
291.9 437.8 0
437.8 656.8 100
656.8 985.2 44
985.2 1477.8 0
1477.8 2216.8 0
2216.8 3325.2 0
3325.2 4987.8 0
4987.8 7481.8 0
7481.8 11222.7 0
11222.7 16834.1 0
1420 1430
0.0 1.0 1076
1.5 2.2 97
2.2 3.3 48
3.3 5.0 58
5.0 7.5 71
7.5 11.3 87
11.3 17.0 5
17.0 25.6 55
25.6 38.4 121
38.4 57.6 0
57.6 86.4 54
86.4 129.7 54
129.7 194.6 0
194.6 291.9 11
291.9 437.8 3
437.8 656.8 100
656.8 985.2 0
985.2 1477.8 47
1477.8 2216.8 0
2216.8 3325.2 0
3325.2 4987.8 0
4987.8 7481.8 0
7481.8 11222.7 0
11222.7 16834.1 0
1430 1440
0.0 1.0 178
1.5 2.2 43
2.2 3.3 59
3.3 5.0 40
5.0 7.5 25
7.5 11.3 66
11.3 17.0 11
17.0 25.6 59
25.6 38.4 80
38.4 57.6 33
57.6 86.4 136
86.4 129.7 3
129.7 194.6 41
194.6 291.9 35
291.9 437.8 11
437.8 656.8 46
656.8 985.2 0
985.2 1477.8 0
1477.8 2216.8 6
2216.8 3325.2 12
3325.2 4987.8 0
4987.8 7481.8 0
7481.8 11222.7 0
11222.7 16834.1 0
